238.841,685.834,-1,0,1,1,10
1193.03,928.864,-1,0,1,1,10
824.932,428.777,-1,0,1,1,10
394.235,583.514,-1,0,1,1,10
1156.21,525.452,-1,0,1,1,10
1446.5,841.445,-1,0,1,1,10
456.608,625.328,-1,0,1,1,10
1336.48,946.517,-1,0,1,1,10
351.729,946.517,-1,0,1,1,10
1304.83,940.864,-1,0,1,1,10
450.038,647.608,-1,0,1,1,10
575.954,730.463,-1,0,1,1,10
822.432,940.716,-1,0,1,1,10
1446.5,923.225,-1,0,1,1,10
1217.33,946.517,-1,0,1,1,10
878.681,922.399,-1,0,1,1,10
180.779,790.284,-1,0,1,1,10
233.309,862.169,-1,0,1,1,10
435.428,682.214,-1,0,1,1,10
1343.43,946.517,-1,0,1,1,10
798.081,923.157,-1,0,1,1,10
1364.87,946.517,-1,0,1,1,10
516.942,582.653,-1,0,1,1,10
276.48,728.312,-1,0,1,1,10
685.045,483.469,-1,0,1,1,10
283.953,753.979,-1,0,1,1,10
933.29,910.949,-1,0,1,1,10
263.89,847.86,-1,0,1,1,10
308.223,786.894,-1,0,1,1,10
152.844,838.107,-1,0,1,1,10
1427.21,925.073,-1,0,1,1,10
509.207,599.856,-1,0,1,1,10
127.074,853.902,-1,0,1,1,10
275.848,759.128,-1,0,1,1,10
301.186,890.368,-1,0,1,1,10
315.46,865.549,-1,0,1,1,10
153.796,727.103,-1,0,1,1,10
1234.58,928.938,-1,0,1,1,10
194.464,712.983,-1,0,1,1,10
692.006,439.724,-1,0,1,1,10
1121.55,412.536,-1,0,1,1,10
1400.68,946.517,-1,0,1,1,10
1301.26,935.128,-1,0,1,1,10
634.116,541.818,-1,0,1,1,10
203.728,727.46,-1,0,1,1,10
669.159,922.886,-1,0,1,1,10
292.633,781.352,-1,0,1,1,10
474.149,845.458,-1,0,1,1,10
292.756,891.668,-1,0,1,1,10
321.819,797.248,-1,0,1,1,10
316.455,898.41,-1,0,1,1,10
1357.35,946.517,-1,0,1,1,10
1049.34,923.058,-1,0,1,1,10
227.545,870.469,-1,0,1,1,10
133.318,737.855,-1,0,1,1,10
258.018,733.753,-1,0,1,1,10
1283.89,940.885,-1,0,1,1,10
274.084,710.78,-1,0,1,1,10
1318.74,929.4,-1,0,1,1,10
1038.99,916.941,-1,0,1,1,10
503.595,470.461,-1,0,1,1,10
130.514,785.012,-1,0,1,1,10
560.44,569.855,-1,0,1,1,10
899.573,910.743,-1,0,1,1,10
1420.25,939.992,-1,0,1,1,10
1094.01,928.994,-1,0,1,1,10
451.401,933.488,-1,0,1,1,10
195.169,836.53,-1,0,1,1,10
1287.44,946.517,-1,0,1,1,10
1049.26,911.047,-1,0,1,1,10
119.249,720.721,-1,0,1,1,10
1029.07,946.517,-1,0,1,1,10
187.413,844.221,-1,0,1,1,10
1350.42,946.517,-1,0,1,1,10
628.121,517.023,-1,0,1,1,10
153.356,755.756,-1,0,1,1,10
403.379,635.044,-1,0,1,1,10
511.895,613.024,-1,0,1,1,10
352.255,882.444,-1,0,1,1,10
227.215,934.783,-1,0,1,1,10
936.754,916.984,-1,0,1,1,10
1364.74,923.408,-1,0,1,1,10
182.676,835.983,-1,0,1,1,10
673.186,500.785,-1,0,1,1,10
265.588,712.982,-1,0,1,1,10
692.429,464.842,-1,0,1,1,10
295.277,705.975,-1,0,1,1,10
329.547,811.463,-1,0,1,1,10
1318.88,940.823,-1,0,1,1,10
581.765,483.464,-1,0,1,1,10
202.807,930.354,-1,0,1,1,10
205.367,683.433,-1,0,1,1,10
451.953,926.025,-1,0,1,1,10
568.182,929.105,-1,0,1,1,10
1269.63,929.438,-1,0,1,1,10
228.781,716.525,-1,0,1,1,10
520.846,940.849,-1,0,1,1,10
681.657,457.36,-1,0,1,1,10
212.31,872.347,-1,0,1,1,10
290.718,809.232,-1,0,1,1,10
268.671,706.87,-1,0,1,1,10
176.923,758.928,-1,0,1,1,10
325.901,890.902,-1,0,1,1,10
1382.99,940.979,-1,0,1,1,10
693.056,928.709,-1,0,1,1,10
815.45,917.088,-1,0,1,1,10
1252.03,923.303,-1,0,1,1,10
1266.02,946.517,-1,0,1,1,10
286.156,761.476,-1,0,1,1,10
689.31,473.845,-1,0,1,1,10
703.312,922.745,-1,0,1,1,10
1398.06,737.835,-1,0,1,1,10
288.797,704.117,-1,0,1,1,10
1322.29,935.149,-1,0,1,1,10
129.619,792.008,-1,0,1,1,10
53.5,939.707,-1,0,1,1,10
598.373,517.588,-1,0,1,1,10
447.744,553.765,-1,0,1,1,10
498.654,565.279,-1,0,1,1,10
140.327,775.984,-1,0,1,1,10
1063.45,505.071,-1,0,1,1,10
1273.21,946.517,-1,0,1,1,10
1262.46,940.871,-1,0,1,1,10
291.918,733.347,-1,0,1,1,10
53.5,689.843,-1,0,1,1,10
536.707,576.723,-1,0,1,1,10
467.099,932.356,-1,0,1,1,10
909.217,342.326,-1,0,1,1,10
1304.65,929.366,-1,0,1,1,10
1224.16,946.517,-1,0,1,1,10
409.383,630.928,-1,0,1,1,10
320.439,908.699,-1,0,1,1,10
159.077,802.424,-1,0,1,1,10
217.773,908.139,-1,0,1,1,10
419.427,654.843,-1,0,1,1,10
702.503,910.473,-1,0,1,1,10
399.75,593.743,-1,0,1,1,10
210.156,730.216,-1,0,1,1,10
857.572,916.443,-1,0,1,1,10
175.392,815.808,-1,0,1,1,10
860.01,499.145,-1,0,1,1,10
172.566,729.4,-1,0,1,1,10
299.976,694.073,-1,0,1,1,10
175.102,744.845,-1,0,1,1,10
197.833,718.074,-1,0,1,1,10
1245.09,923.147,-1,0,1,1,10
256,727.825,-1,0,1,1,10
346.244,832.338,-1,0,1,1,10
278.812,798.327,-1,0,1,1,10
626.373,531.604,-1,0,1,1,10
545.156,918.994,-1,0,1,1,10
140.829,851.902,-1,0,1,1,10
484.528,569.04,-1,0,1,1,10
268.989,863.827,-1,0,1,1,10
294.848,867.468,-1,0,1,1,10
220.607,859.071,-1,0,1,1,10
153.602,769.051,-1,0,1,1,10
278.65,885.177,-1,0,1,1,10
109.751,836.353,-1,0,1,1,10
173.387,869.36,-1,0,1,1,10
1220.77,940.727,-1,0,1,1,10
646.128,521.328,-1,0,1,1,10
1080.25,917.01,-1,0,1,1,10
598.843,452.935,-1,0,1,1,10
303.029,827.954,-1,0,1,1,10
644.239,928.916,-1,0,1,1,10
122.448,815.091,-1,0,1,1,10
284.151,794.378,-1,0,1,1,10
231.939,736.117,-1,0,1,1,10
427.655,575.622,-1,0,1,1,10
293.422,756.073,-1,0,1,1,10
300.424,797.941,-1,0,1,1,10
663.578,428.225,-1,0,1,1,10
165.652,764.937,-1,0,1,1,10
1018.53,916.843,-1,0,1,1,10
500.315,652.846,-1,0,1,1,10
1279.95,911.536,-1,0,1,1,10
429.832,932.999,-1,0,1,1,10
214.139,847.692,-1,0,1,1,10
1412.44,946.517,-1,0,1,1,10
240.252,838.639,-1,0,1,1,10
708.915,467.633,-1,0,1,1,10
1087.09,917.009,-1,0,1,1,10
686.903,916.026,-1,0,1,1,10
1090.31,537.402,-1,0,1,1,10
330.015,777.723,-1,0,1,1,10
858.366,429.907,-1,0,1,1,10
1318.54,917.476,-1,0,1,1,10
582.139,466.026,-1,0,1,1,10
322.498,833.636,-1,0,1,1,10
189.132,884.388,-1,0,1,1,10
744.122,922.832,-1,0,1,1,10
595.578,321.253,-1,0,1,1,10
150.356,821.818,-1,0,1,1,10
198.846,734.684,-1,0,1,1,10
601.85,516.51,-1,0,1,1,10
464.129,558.715,-1,0,1,1,10
205.021,739.2,-1,0,1,1,10
1025.32,916.824,-1,0,1,1,10
580.249,912.627,-1,0,1,1,10
528.389,941.078,-1,0,1,1,10
223.044,694.569,-1,0,1,1,10
1446.5,866.621,-1,0,1,1,10
1276.76,940.904,-1,0,1,1,10
1446.5,805.249,-1,0,1,1,10
279.533,850.063,-1,0,1,1,10
557.326,703.477,-1,0,1,1,10
297.099,810.089,-1,0,1,1,10
296.364,851.01,-1,0,1,1,10
1301.42,946.517,-1,0,1,1,10
676.628,509.174,-1,0,1,1,10
292.655,798.838,-1,0,1,1,10
159.602,752.697,-1,0,1,1,10
1446.5,879.281,-1,0,1,1,10
613.228,946.517,-1,0,1,1,10
574.122,551.664,-1,0,1,1,10
581.171,655.445,-1,0,1,1,10
1144.88,946.517,-1,0,1,1,10
254.023,716.572,-1,0,1,1,10
402.877,597.055,-1,0,1,1,10
430.09,669.576,-1,0,1,1,10
128.961,805.172,-1,0,1,1,10
672.621,459.514,-1,0,1,1,10
537.337,569.908,-1,0,1,1,10
148.001,809.461,-1,0,1,1,10
279.105,791.352,-1,0,1,1,10
192.025,906.036,-1,0,1,1,10
186.927,898.534,-1,0,1,1,10
282.231,823.7,-1,0,1,1,10
1294,923.398,-1,0,1,1,10
1151.18,386.954,-1,0,1,1,10
631.588,550.281,-1,0,1,1,10
233.913,850.102,-1,0,1,1,10
743.307,469.687,-1,0,1,1,10
682.028,496.555,-1,0,1,1,10
284.028,916.579,-1,0,1,1,10
185.098,745.168,-1,0,1,1,10
1233.82,904.932,-1,0,1,1,10
365.742,770.677,-1,0,1,1,10
1346.78,929.068,-1,0,1,1,10
279.847,809.602,-1,0,1,1,10
156.519,908.283,-1,0,1,1,10
757.28,946.517,-1,0,1,1,10
443.023,578.896,-1,0,1,1,10
171.394,830.231,-1,0,1,1,10
268.036,828.325,-1,0,1,1,10
1346.94,940.883,-1,0,1,1,10
1332.94,940.905,-1,0,1,1,10
673.232,916.4,-1,0,1,1,10
181.439,811.427,-1,0,1,1,10
621.946,548.371,-1,0,1,1,10
177.597,752.917,-1,0,1,1,10
88.751,950.024,-1,0,1,1,10
1238.22,911.053,-1,0,1,1,10
1073.43,917.18,-1,0,1,1,10
190.325,747.927,-1,0,1,1,10
666.252,916.807,-1,0,1,1,10
154.316,733.988,-1,0,1,1,10
284.061,717.626,-1,0,1,1,10
225.187,892.25,-1,0,1,1,10
196.208,878.053,-1,0,1,1,10
280.179,776.281,-1,0,1,1,10
548.811,924.78,-1,0,1,1,10
277.957,763.482,-1,0,1,1,10
523.467,567.676,-1,0,1,1,10
308.364,881.06,-1,0,1,1,10
728.501,341.99,-1,0,1,1,10
284.239,862.706,-1,0,1,1,10
306.388,937.588,-1,0,1,1,10
1013.75,126.179,-1,0,1,1,10
558.8,762.895,-1,0,1,1,10
1164.08,918.171,-1,0,1,1,10
119.221,793.454,-1,0,1,1,10
284.209,779.27,-1,0,1,1,10
292.583,698.216,-1,0,1,1,10
1015.18,922.94,-1,0,1,1,10
1395.17,935.609,-1,0,1,1,10
767.682,928.796,-1,0,1,1,10
324.982,816.873,-1,0,1,1,10
428.584,586.213,-1,0,1,1,10
189.753,708.235,-1,0,1,1,10
651.926,917.369,-1,0,1,1,10
558.352,551.604,-1,0,1,1,10
472.646,383.331,-1,0,1,1,10
421.694,500.17,-1,0,1,1,10
250.035,727.066,-1,0,1,1,10
1186.1,928.903,-1,0,1,1,10
1446.5,894.534,-1,0,1,1,10
266.455,821.396,-1,0,1,1,10
444.778,609.974,-1,0,1,1,10
445.96,671.228,-1,0,1,1,10
782.313,448.126,-1,0,1,1,10
1123.04,910.371,-1,0,1,1,10
160.107,858.356,-1,0,1,1,10
305.386,752.839,-1,0,1,1,10
671.404,465.31,-1,0,1,1,10
321.273,849.023,-1,0,1,1,10
1420.62,928.009,-1,0,1,1,10
287.359,876.767,-1,0,1,1,10
626.555,916.16,-1,0,1,1,10
160.159,825.506,-1,0,1,1,10
291.181,762.134,-1,0,1,1,10
163.534,776.001,-1,0,1,1,10
649.343,533.06,-1,0,1,1,10
1360.58,928.839,-1,0,1,1,10
125.76,761.595,-1,0,1,1,10
212.255,855.023,-1,0,1,1,10
344.272,861.823,-1,0,1,1,10
226.754,904.31,-1,0,1,1,10
323.93,737.516,-1,0,1,1,10
212.581,709.413,-1,0,1,1,10
424.734,582.535,-1,0,1,1,10
517.907,590.952,-1,0,1,1,10
178.67,704.205,-1,0,1,1,10
492.313,596.927,-1,0,1,1,10
297.791,716.466,-1,0,1,1,10
174.239,724.841,-1,0,1,1,10
273.834,773.627,-1,0,1,1,10
184.857,739.599,-1,0,1,1,10
217.392,899.229,-1,0,1,1,10
62.0448,540.43,-1,0,1,1,10
169.863,778.01,-1,0,1,1,10
1405.7,929.183,-1,0,1,1,10
291.935,771.77,-1,0,1,1,10
463.824,866.882,-1,0,1,1,10
173.044,719.566,-1,0,1,1,10
1227.67,917.062,-1,0,1,1,10
130.119,894.555,-1,0,1,1,10
1136.06,501.264,-1,0,1,1,10
164.108,847.634,-1,0,1,1,10
489.898,574.787,-1,0,1,1,10
1251.84,946.517,-1,0,1,1,10
294.462,748.465,-1,0,1,1,10
84.4046,95.4287,-1,0,1,1,10
524.354,946.517,-1,0,1,1,10
256.918,844.162,-1,0,1,1,10
839.868,922.711,-1,0,1,1,10
247.51,833.845,-1,0,1,1,10
278.275,919.684,-1,0,1,1,10
1369.57,928.386,-1,0,1,1,10
251.66,911.118,-1,0,1,1,10
156.177,763.201,-1,0,1,1,10
248.554,846.63,-1,0,1,1,10
288.385,783.858,-1,0,1,1,10
1056.2,911.107,-1,0,1,1,10
159.051,809.779,-1,0,1,1,10
287.691,804.479,-1,0,1,1,10
276.713,864.702,-1,0,1,1,10
590.853,474.151,-1,0,1,1,10
220.069,851.698,-1,0,1,1,10
417.337,309.78,-1,0,1,1,10
633.216,444.278,-1,0,1,1,10
1248.47,929.107,-1,0,1,1,10
424.603,653.788,-1,0,1,1,10
252.711,923.584,-1,0,1,1,10
261.007,729.757,-1,0,1,1,10
1238.12,923.058,-1,0,1,1,10
414.002,571.567,-1,0,1,1,10
822.393,928.954,-1,0,1,1,10
297.644,743.144,-1,0,1,1,10
1446.5,797.058,-1,0,1,1,10
1210.21,922.899,-1,0,1,1,10
190.735,831.839,-1,0,1,1,10
1189.45,922.989,-1,0,1,1,10
166.096,728.206,-1,0,1,1,10
227.953,731.584,-1,0,1,1,10
181.909,710.91,-1,0,1,1,10
485.823,619.318,-1,0,1,1,10
531.996,490.251,-1,0,1,1,10
317.68,816.423,-1,0,1,1,10
158.413,706.357,-1,0,1,1,10
1266.12,935.177,-1,0,1,1,10
1047.4,431.864,-1,0,1,1,10
528.772,366.303,-1,0,1,1,10
139.625,702.231,-1,0,1,1,10
1371.86,946.517,-1,0,1,1,10
1255.43,929.214,-1,0,1,1,10
1446.5,244.048,-1,0,1,1,10
312.177,781.174,-1,0,1,1,10
557.081,477.956,-1,0,1,1,10
204.289,849.049,-1,0,1,1,10
686.495,940.634,-1,0,1,1,10
238.437,890.768,-1,0,1,1,10
306.647,696.855,-1,0,1,1,10
578.788,923.116,-1,0,1,1,10
173.419,795.097,-1,0,1,1,10
755.293,916.36,-1,0,1,1,10
801.614,917.274,-1,0,1,1,10
53.5,680.887,-1,0,1,1,10
452.457,567.117,-1,0,1,1,10
234.065,902.736,-1,0,1,1,10
300.547,777.47,-1,0,1,1,10
76.2249,800.867,-1,0,1,1,10
246.338,840.473,-1,0,1,1,10
271.627,700.434,-1,0,1,1,10
1269.5,917.535,-1,0,1,1,10
276.858,734.1,-1,0,1,1,10
315.765,846.021,-1,0,1,1,10
162.841,835.654,-1,0,1,1,10
330.07,941.554,-1,0,1,1,10
1269.68,940.977,-1,0,1,1,10
144.068,789.034,-1,0,1,1,10
1377.33,928.726,-1,0,1,1,10
163.398,733.689,-1,0,1,1,10
243.77,727.497,-1,0,1,1,10
147.884,709.071,-1,0,1,1,10
155.216,822.505,-1,0,1,1,10
172.748,896.292,-1,0,1,1,10
688.817,458.52,-1,0,1,1,10
412.002,586.653,-1,0,1,1,10
271.597,759.745,-1,0,1,1,10
659.446,500.566,-1,0,1,1,10
413.858,927.381,-1,0,1,1,10
306.153,843.374,-1,0,1,1,10
437.532,932.621,-1,0,1,1,10
505.675,680.836,-1,0,1,1,10
443.477,597.402,-1,0,1,1,10
53.5,924.313,-1,0,1,1,10
139.789,811.281,-1,0,1,1,10
271.056,691.777,-1,0,1,1,10
498.528,584.718,-1,0,1,1,10
500.042,928.049,-1,0,1,1,10
909.631,916.819,-1,0,1,1,10
272.555,839.464,-1,0,1,1,10
338.47,837.184,-1,0,1,1,10
204.936,900.214,-1,0,1,1,10
199.02,844.023,-1,0,1,1,10
888.973,916.377,-1,0,1,1,10
331.482,529.656,-1,0,1,1,10
1287.26,935.127,-1,0,1,1,10
978.389,516.552,-1,0,1,1,10
1409.64,934.396,-1,0,1,1,10
189.283,891.785,-1,0,1,1,10
710.073,411.008,-1,0,1,1,10
55.2441,723.827,-1,0,1,1,10
885.223,520.581,-1,0,1,1,10
136.08,766.851,-1,0,1,1,10
193.507,689.729,-1,0,1,1,10
280.114,856.077,-1,0,1,1,10
1035.3,910.782,-1,0,1,1,10
1158.16,496.304,-1,0,1,1,10
405.669,622.728,-1,0,1,1,10
153.313,720.529,-1,0,1,1,10
163.158,797.925,-1,0,1,1,10
562.043,343.437,-1,0,1,1,10
511.889,580.293,-1,0,1,1,10
193.104,738.42,-1,0,1,1,10
502.357,573.218,-1,0,1,1,10
610.652,904.75,-1,0,1,1,10
174.572,809.89,-1,0,1,1,10
543.198,573.771,-1,0,1,1,10
285.775,811.869,-1,0,1,1,10
913.693,431.707,-1,0,1,1,10
188.135,861.044,-1,0,1,1,10
461.397,692.98,-1,0,1,1,10
478.514,543.107,-1,0,1,1,10
175.903,734.933,-1,0,1,1,10
1446.5,939.451,-1,0,1,1,10
232.446,880.187,-1,0,1,1,10
527.704,559.203,-1,0,1,1,10
1283.46,917.472,-1,0,1,1,10
1386.96,935.522,-1,0,1,1,10
249.907,885.814,-1,0,1,1,10
1160.91,912.089,-1,0,1,1,10
1425.36,946.517,-1,0,1,1,10
272.801,851.928,-1,0,1,1,10
276.301,690.088,-1,0,1,1,10
1398.58,929.726,-1,0,1,1,10
684.156,474.949,-1,0,1,1,10
177.338,848.46,-1,0,1,1,10
181.316,842.351,-1,0,1,1,10
320.802,870.355,-1,0,1,1,10
1157.21,918.007,-1,0,1,1,10
301.504,804.565,-1,0,1,1,10
1224.17,922.9,-1,0,1,1,10
808.535,917.196,-1,0,1,1,10
636.95,413.533,-1,0,1,1,10
1394.77,946.517,-1,0,1,1,10
595.647,485.446,-1,0,1,1,10
1433.87,939.637,-1,0,1,1,10
1350.11,923.079,-1,0,1,1,10
376.657,824.239,-1,0,1,1,10
1063.14,935.01,-1,0,1,1,10
394.418,646.51,-1,0,1,1,10
250.326,916.987,-1,0,1,1,10
497.457,553.522,-1,0,1,1,10
253.799,899.087,-1,0,1,1,10
281.689,730.87,-1,0,1,1,10
1446.5,909.896,-1,0,1,1,10
514.894,532.178,-1,0,1,1,10
406.759,508.726,-1,0,1,1,10
488.726,935.235,-1,0,1,1,10
271.136,883.802,-1,0,1,1,10
836.475,917.048,-1,0,1,1,10
846.344,934.646,-1,0,1,1,10
-nan(ind),-nan(ind),-1,0,1,1,10
168.706,788.299,-1,0,1,1,10
303.497,759.324,-1,0,1,1,10
153.185,778.369,-1,0,1,1,10
241.957,849.219,-1,0,1,1,10
1157.85,946.517,-1,0,1,1,10
1329.05,923.521,-1,0,1,1,10
443.844,586.633,-1,0,1,1,10
272.224,833.573,-1,0,1,1,10
182.496,734.851,-1,0,1,1,10
477.003,941.004,-1,0,1,1,10
1010.37,604.398,-1,0,1,1,10
407.784,591.926,-1,0,1,1,10
253.072,748.945,-1,0,1,1,10
308.493,862.517,-1,0,1,1,10
521.799,616.363,-1,0,1,1,10
1213.74,928.823,-1,0,1,1,10
292.283,740.244,-1,0,1,1,10
265.4,749.146,-1,0,1,1,10
422.196,929.807,-1,0,1,1,10
1325.7,929.383,-1,0,1,1,10
189.786,742.159,-1,0,1,1,10
130.878,841.021,-1,0,1,1,10
307.223,746.139,-1,0,1,1,10
227.226,856.038,-1,0,1,1,10
418.491,582.842,-1,0,1,1,10
662.262,923.439,-1,0,1,1,10
255.255,703.228,-1,0,1,1,10
328.958,826.996,-1,0,1,1,10
511.136,584.74,-1,0,1,1,10
455.513,549.219,-1,0,1,1,10
451.529,549.18,-1,0,1,1,10
385.825,792.923,-1,0,1,1,10
627.045,564.378,-1,0,1,1,10
177.477,770.057,-1,0,1,1,10
668.275,508.759,-1,0,1,1,10
1258.91,935.126,-1,0,1,1,10
224.44,928.345,-1,0,1,1,10
354.063,819.083,-1,0,1,1,10
1104.28,934.878,-1,0,1,1,10
145.554,770.027,-1,0,1,1,10
1231.05,946.517,-1,0,1,1,10
157.663,850.372,-1,0,1,1,10
222.221,732.037,-1,0,1,1,10
633.744,472.787,-1,0,1,1,10
596.456,929.367,-1,0,1,1,10
830.602,457.081,-1,0,1,1,10
926.704,946.517,-1,0,1,1,10
292.359,665.073,-1,0,1,1,10
129.628,748.566,-1,0,1,1,10
1011.72,916.928,-1,0,1,1,10
-nan(ind),-nan(ind),-1,0,1,1,10
259.845,899.506,-1,0,1,1,10
210.324,718.929,-1,0,1,1,10
300.969,765.293,-1,0,1,1,10
705.733,533.775,-1,0,1,1,10
444.937,550.007,-1,0,1,1,10
267.744,738.686,-1,0,1,1,10
201.704,892.266,-1,0,1,1,10
358.242,799.852,-1,0,1,1,10
683.433,471.009,-1,0,1,1,10
620.958,525.886,-1,0,1,1,10
53.5,946.517,-1,0,1,1,10
1269.9,661.152,-1,0,1,1,10
279.579,753.6,-1,0,1,1,10
261.786,737.323,-1,0,1,1,10
211.608,944.184,-1,0,1,1,10
301.968,724.972,-1,0,1,1,10
412.489,615.893,-1,0,1,1,10
283.462,907.118,-1,0,1,1,10
215.745,723.342,-1,0,1,1,10
239.297,920.135,-1,0,1,1,10
497.521,668.424,-1,0,1,1,10
159.438,712.216,-1,0,1,1,10
932.542,431.806,-1,0,1,1,10
198.929,739.635,-1,0,1,1,10
310.704,616.321,-1,0,1,1,10
233.677,873.574,-1,0,1,1,10
273.175,739.468,-1,0,1,1,10
603.25,468.894,-1,0,1,1,10
889.661,928.703,-1,0,1,1,10
469.758,453.538,-1,0,1,1,10
529.698,552.23,-1,0,1,1,10
150.115,745.395,-1,0,1,1,10
676.235,438.925,-1,0,1,1,10
381.349,939.003,-1,0,1,1,10
1124.87,922.934,-1,0,1,1,10
181.401,756.33,-1,0,1,1,10
1283.69,929.328,-1,0,1,1,10
1189.93,946.517,-1,0,1,1,10
1325.49,917.497,-1,0,1,1,10
494.595,527.138,-1,0,1,1,10
247.774,892.224,-1,0,1,1,10
272.477,899.514,-1,0,1,1,10
257.679,921.342,-1,0,1,1,10
294.55,804.227,-1,0,1,1,10
953.798,922.927,-1,0,1,1,10
155.314,830.956,-1,0,1,1,10
304.652,719.664,-1,0,1,1,10
165.871,828.05,-1,0,1,1,10
587.425,501.286,-1,0,1,1,10
289.71,745.29,-1,0,1,1,10
620.389,923.066,-1,0,1,1,10
178.962,730.054,-1,0,1,1,10
262.995,918.369,-1,0,1,1,10
534.676,590.548,-1,0,1,1,10
678.423,473.01,-1,0,1,1,10
418.024,645.761,-1,0,1,1,10
397.3,620.523,-1,0,1,1,10
659.047,917.723,-1,0,1,1,10
1446.5,834.764,-1,0,1,1,10
193.049,726.641,-1,0,1,1,10
469.084,625.928,-1,0,1,1,10
994.643,911.045,-1,0,1,1,10
1446.5,856.505,-1,0,1,1,10
210.833,736.378,-1,0,1,1,10
204.801,856.089,-1,0,1,1,10
234.744,742.265,-1,0,1,1,10
304.994,792.916,-1,0,1,1,10
323.844,946.517,-1,0,1,1,10
116.102,852.043,-1,0,1,1,10
1315.15,923.502,-1,0,1,1,10
1290.8,940.885,-1,0,1,1,10
300.048,833.39,-1,0,1,1,10
1203.31,922.786,-1,0,1,1,10
241.377,700.903,-1,0,1,1,10
53.5,932.766,-1,0,1,1,10
286.768,723.774,-1,0,1,1,10
832.869,922.804,-1,0,1,1,10
1413.13,928.193,-1,0,1,1,10
1337.67,910.874,-1,0,1,1,10
324.707,785.016,-1,0,1,1,10
555.698,924.763,-1,0,1,1,10
281.157,724.325,-1,0,1,1,10
133.478,818.134,-1,0,1,1,10
468.197,654.815,-1,0,1,1,10
252.643,732.394,-1,0,1,1,10
332.22,833.385,-1,0,1,1,10
311.394,751.693,-1,0,1,1,10
434.886,643.266,-1,0,1,1,10
458.007,663.762,-1,0,1,1,10
394.426,783.172,-1,0,1,1,10
472.148,662.247,-1,0,1,1,10
1330.21,911.067,-1,0,1,1,10
276.347,704.692,-1,0,1,1,10
446.718,542.626,-1,0,1,1,10
1361.02,940.817,-1,0,1,1,10
621.214,528.244,-1,0,1,1,10
1301.11,923.406,-1,0,1,1,10
500.031,940.47,-1,0,1,1,10
1381.7,923.017,-1,0,1,1,10
1405.95,916.367,-1,0,1,1,10
253.086,873.478,-1,0,1,1,10
304.04,868.201,-1,0,1,1,10
829.365,916.856,-1,0,1,1,10
295.217,855.498,-1,0,1,1,10
1170.05,946.517,-1,0,1,1,10
466.424,631.3,-1,0,1,1,10
902.823,916.739,-1,0,1,1,10
729.053,909.637,-1,0,1,1,10
199.632,864.636,-1,0,1,1,10
618.279,557.423,-1,0,1,1,10
613.689,923.205,-1,0,1,1,10
336.836,796.867,-1,0,1,1,10
1248.63,917.242,-1,0,1,1,10
420.127,657.886,-1,0,1,1,10
228.137,722.337,-1,0,1,1,10
667.604,453.67,-1,0,1,1,10
750.545,946.517,-1,0,1,1,10
253.035,859.444,-1,0,1,1,10
274.408,825.134,-1,0,1,1,10
270.991,716.819,-1,0,1,1,10
1336.05,923.544,-1,0,1,1,10
452.52,765.131,-1,0,1,1,10
674.417,412.618,-1,0,1,1,10
201.636,875.313,-1,0,1,1,10
1012.43,390.789,-1,0,1,1,10
589.969,917.364,-1,0,1,1,10
598.788,506.595,-1,0,1,1,10
1143.63,522.715,-1,0,1,1,10
1375.43,940.76,-1,0,1,1,10
576.602,476.172,-1,0,1,1,10
633.973,922.909,-1,0,1,1,10
463.956,732.793,-1,0,1,1,10
611.483,544.22,-1,0,1,1,10
247.345,732.124,-1,0,1,1,10
195.904,870.666,-1,0,1,1,10
567.216,916.802,-1,0,1,1,10
610.383,215.156,-1,0,1,1,10
261.842,864.952,-1,0,1,1,10
433.538,549.024,-1,0,1,1,10
1391.42,930.324,-1,0,1,1,10
1149.16,916.889,-1,0,1,1,10
1446.5,820.823,-1,0,1,1,10
145.432,846.723,-1,0,1,1,10
1432.45,946.517,-1,0,1,1,10
686.396,928.427,-1,0,1,1,10
633.823,916.284,-1,0,1,1,10
169.411,821.594,-1,0,1,1,10
205.356,732.879,-1,0,1,1,10
214.247,879.185,-1,0,1,1,10
204.707,869.716,-1,0,1,1,10
468.821,921.462,-1,0,1,1,10
593.175,479.275,-1,0,1,1,10
235.048,716.473,-1,0,1,1,10
1392.16,917.61,-1,0,1,1,10
464.76,666.655,-1,0,1,1,10
223.228,897.746,-1,0,1,1,10
1042.28,910.878,-1,0,1,1,10
327.487,902.133,-1,0,1,1,10
1290.67,929.251,-1,0,1,1,10
957.654,448.289,-1,0,1,1,10
170.672,881.774,-1,0,1,1,10
730.585,923.164,-1,0,1,1,10
252.546,737.408,-1,0,1,1,10
179.758,797.784,-1,0,1,1,10
743.786,934.826,-1,0,1,1,10
411.816,651.82,-1,0,1,1,10
696.745,376.123,-1,0,1,1,10
165.135,755.361,-1,0,1,1,10
1116.31,499.389,-1,0,1,1,10
658.52,509.133,-1,0,1,1,10
1170.98,918.047,-1,0,1,1,10
691.413,481.398,-1,0,1,1,10
1293.98,911.466,-1,0,1,1,10
1372.26,934.692,-1,0,1,1,10
282.371,785.982,-1,0,1,1,10
1343.22,923.251,-1,0,1,1,10
527.62,916.85,-1,0,1,1,10
850.369,916.351,-1,0,1,1,10
521.905,599.439,-1,0,1,1,10
261.422,891.095,-1,0,1,1,10
333.536,783.68,-1,0,1,1,10
294.054,820.747,-1,0,1,1,10
677.371,502.543,-1,0,1,1,10
273.943,746.087,-1,0,1,1,10
1357.35,934.872,-1,0,1,1,10
237.479,856.365,-1,0,1,1,10
1329.32,935.196,-1,0,1,1,10
610.131,929.543,-1,0,1,1,10
892.998,934.712,-1,0,1,1,10
209.421,713.66,-1,0,1,1,10
1308.75,911.251,-1,0,1,1,10
266.046,853.931,-1,0,1,1,10
304.071,811.067,-1,0,1,1,10
1402.26,923.474,-1,0,1,1,10
293.408,787.245,-1,0,1,1,10
127.02,774.132,-1,0,1,1,10
168.153,840.042,-1,0,1,1,10
1217.19,922.913,-1,0,1,1,10
663.89,402.332,-1,0,1,1,10
164.137,812.557,-1,0,1,1,10
746.138,907.658,-1,0,1,1,10
273.273,766.633,-1,0,1,1,10
253.749,710.687,-1,0,1,1,10
51.3719,494.365,-1,0,1,1,10
1439.67,946.517,-1,0,1,1,10
658.214,419.595,-1,0,1,1,10
228.623,682.824,-1,0,1,1,10
951.212,483.832,-1,0,1,1,10
606.973,923.941,-1,0,1,1,10
647.383,540.894,-1,0,1,1,10
277.991,895.923,-1,0,1,1,10
148.975,829.274,-1,0,1,1,10
271.305,846.045,-1,0,1,1,10
936.917,940.834,-1,0,1,1,10
896.836,487.823,-1,0,1,1,10
316.648,754.791,-1,0,1,1,10
166.035,709.56,-1,0,1,1,10
486.813,591.281,-1,0,1,1,10
404.674,658.587,-1,0,1,1,10
266.856,763.424,-1,0,1,1,10
218,740.36,-1,0,1,1,10
314.666,872.669,-1,0,1,1,10
208.774,891.799,-1,0,1,1,10
1259.13,911.444,-1,0,1,1,10
449.611,561.812,-1,0,1,1,10
113.649,770.149,-1,0,1,1,10
93.7174,749.205,-1,0,1,1,10
176.592,877.307,-1,0,1,1,10
53.5,868.042,-1,0,1,1,10
232.079,908.75,-1,0,1,1,10
225.584,842.738,-1,0,1,1,10
172.167,755.149,-1,0,1,1,10
303.537,771.89,-1,0,1,1,10
845.489,505.663,-1,0,1,1,10
1249.16,904.96,-1,0,1,1,10
402.747,616.265,-1,0,1,1,10
556.046,579.282,-1,0,1,1,10
463.506,525.757,-1,0,1,1,10
259.559,747.498,-1,0,1,1,10
458.304,563.088,-1,0,1,1,10
563.187,833.23,-1,0,1,1,10
469.628,595.113,-1,0,1,1,10
1248.41,940.814,-1,0,1,1,10
288.844,824.132,-1,0,1,1,10
93.7107,769.251,-1,0,1,1,10
204.969,907.34,-1,0,1,1,10
266.731,896.108,-1,0,1,1,10
218.538,707.682,-1,0,1,1,10
298.138,905.82,-1,0,1,1,10
1325.85,940.846,-1,0,1,1,10
833.728,904.365,-1,0,1,1,10
288.087,911.048,-1,0,1,1,10
286.682,789.725,-1,0,1,1,10
179.574,747.284,-1,0,1,1,10
294.243,766.489,-1,0,1,1,10
198.274,851.071,-1,0,1,1,10
302.338,859.242,-1,0,1,1,10
213.665,701.934,-1,0,1,1,10
180.358,871.033,-1,0,1,1,10
567.248,575.534,-1,0,1,1,10
510.325,572.204,-1,0,1,1,10
271.601,734.36,-1,0,1,1,10
245.232,854.673,-1,0,1,1,10
280.165,843.294,-1,0,1,1,10
658.482,464.695,-1,0,1,1,10
1028.95,934.861,-1,0,1,1,10
412.917,598.204,-1,0,1,1,10
309.362,815.908,-1,0,1,1,10
629.869,523.515,-1,0,1,1,10
220.777,319.975,-1,0,1,1,10
1339.98,940.863,-1,0,1,1,10
673.135,428.015,-1,0,1,1,10
1196.73,946.517,-1,0,1,1,10
257.656,928.586,-1,0,1,1,10
136.171,881.306,-1,0,1,1,10
263.026,878.097,-1,0,1,1,10
192.135,849.952,-1,0,1,1,10
1290.44,917.391,-1,0,1,1,10
244.479,872.107,-1,0,1,1,10
427.053,608.185,-1,0,1,1,10
440.253,924.927,-1,0,1,1,10
449.431,797.866,-1,0,1,1,10
278.409,830.027,-1,0,1,1,10
289.875,751.79,-1,0,1,1,10
196.457,884.989,-1,0,1,1,10
141.864,890.995,-1,0,1,1,10
125.381,871.55,-1,0,1,1,10
626.016,233.904,-1,0,1,1,10
737.891,521.304,-1,0,1,1,10
314.478,473.309,-1,0,1,1,10
168.763,800.175,-1,0,1,1,10
1280.27,935.174,-1,0,1,1,10
1308.36,946.517,-1,0,1,1,10
585.82,503.796,-1,0,1,1,10
737.315,922.534,-1,0,1,1,10
1311.72,929.317,-1,0,1,1,10
530.441,571.018,-1,0,1,1,10
1446.5,827.784,-1,0,1,1,10
314.5,711.267,-1,0,1,1,10
103.913,803.375,-1,0,1,1,10
1361.73,917.123,-1,0,1,1,10
1107.67,928.981,-1,0,1,1,10
256.001,682.621,-1,0,1,1,10
149.762,773.371,-1,0,1,1,10
1045.14,459.166,-1,0,1,1,10
1231.16,922.982,-1,0,1,1,10
706.585,928.702,-1,0,1,1,10
167.419,721.815,-1,0,1,1,10
1255.57,917.392,-1,0,1,1,10
299.03,754.516,-1,0,1,1,10
1430.2,933.346,-1,0,1,1,10
1297.89,940.873,-1,0,1,1,10
424.555,661.223,-1,0,1,1,10
436.502,583.889,-1,0,1,1,10
600.662,431.886,-1,0,1,1,10
154.727,701.357,-1,0,1,1,10
469.339,553.122,-1,0,1,1,10
1057.97,375.299,-1,0,1,1,10
274.873,753.206,-1,0,1,1,10
655.973,405.658,-1,0,1,1,10
1234.72,917.088,-1,0,1,1,10
853.03,934.674,-1,0,1,1,10
460.737,928.629,-1,0,1,1,10
407.802,602.663,-1,0,1,1,10
182.997,864.529,-1,0,1,1,10
305.581,914.061,-1,0,1,1,10
1384.18,929.382,-1,0,1,1,10
239.181,720.65,-1,0,1,1,10
245.182,933.426,-1,0,1,1,10
175.123,824.795,-1,0,1,1,10
281.419,758.724,-1,0,1,1,10
169.602,807.852,-1,0,1,1,10
598.065,916.966,-1,0,1,1,10
1011.82,928.948,-1,0,1,1,10
497.998,590.913,-1,0,1,1,10
287.005,847.21,-1,0,1,1,10
401.402,609.135,-1,0,1,1,10
157.061,743.287,-1,0,1,1,10
145.836,763.757,-1,0,1,1,10
1100.83,917.035,-1,0,1,1,10
662.917,512.383,-1,0,1,1,10
610.234,493.562,-1,0,1,1,10
284.092,743.318,-1,0,1,1,10
1402.36,934.973,-1,0,1,1,10
1046.07,940.779,-1,0,1,1,10
292.45,815.144,-1,0,1,1,10
557.461,519.273,-1,0,1,1,10
166.714,750.809,-1,0,1,1,10
297.92,770.845,-1,0,1,1,10
140.733,729.843,-1,0,1,1,10
492.655,591.074,-1,0,1,1,10
294.645,838.134,-1,0,1,1,10
184.753,761.668,-1,0,1,1,10
178.516,830.253,-1,0,1,1,10
1308.11,923.522,-1,0,1,1,10
531.905,763.011,-1,0,1,1,10
541.059,924.988,-1,0,1,1,10
1276.47,917.529,-1,0,1,1,10
153.464,713.437,-1,0,1,1,10
1273,911.546,-1,0,1,1,10
1315.35,935.138,-1,0,1,1,10
315.496,852.192,-1,0,1,1,10
574.857,520.907,-1,0,1,1,10
1245.21,911.129,-1,0,1,1,10
227.297,701.926,-1,0,1,1,10
200.799,688.532,-1,0,1,1,10
139.282,825.009,-1,0,1,1,10
159.64,842.475,-1,0,1,1,10
316.077,880.422,-1,0,1,1,10
322.699,823.444,-1,0,1,1,10
687.159,476.797,-1,0,1,1,10
1273.17,935.2,-1,0,1,1,10
655.258,519.18,-1,0,1,1,10
577.907,513.988,-1,0,1,1,10
164.667,702.748,-1,0,1,1,10
1353.7,928.981,-1,0,1,1,10
277.859,820.154,-1,0,1,1,10
287.328,737.709,-1,0,1,1,10
587.005,479.101,-1,0,1,1,10
979.176,856.737,-1,0,1,1,10
179.769,805.634,-1,0,1,1,10
251.181,852.74,-1,0,1,1,10
619.919,556.414,-1,0,1,1,10
537.853,931.198,-1,0,1,1,10
312.17,719.517,-1,0,1,1,10
651.758,377.319,-1,0,1,1,10
575.767,581.625,-1,0,1,1,10
227.306,912.568,-1,0,1,1,10
68.3165,946.517,-1,0,1,1,10
158.359,780.485,-1,0,1,1,10
1439.68,936.24,-1,0,1,1,10
692.38,486.923,-1,0,1,1,10
328.104,730.066,-1,0,1,1,10
1217.24,910.929,-1,0,1,1,10
438.759,663.537,-1,0,1,1,10
249.685,929.49,-1,0,1,1,10
160.551,818.479,-1,0,1,1,10
242.556,861.585,-1,0,1,1,10
300.932,846.544,-1,0,1,1,10
130.841,859.115,-1,0,1,1,10
439.472,546.346,-1,0,1,1,10
763.947,510.897,-1,0,1,1,10
151.274,763.91,-1,0,1,1,10
355.806,830.849,-1,0,1,1,10
298.765,881.436,-1,0,1,1,10
603.291,929.605,-1,0,1,1,10
280.203,814.487,-1,0,1,1,10
459.23,608.441,-1,0,1,1,10
307.463,822.587,-1,0,1,1,10
1101.18,413.598,-1,0,1,1,10
309.763,739.944,-1,0,1,1,10
321.697,758.478,-1,0,1,1,10
284.86,772.193,-1,0,1,1,10
150.156,783.99,-1,0,1,1,10
594.205,223.368,-1,0,1,1,10
1100.85,929.036,-1,0,1,1,10
485.486,472.399,-1,0,1,1,10
190.091,701.226,-1,0,1,1,10
174.475,788.473,-1,0,1,1,10
1311.85,940.917,-1,0,1,1,10
1258.89,946.517,-1,0,1,1,10
231.38,727.639,-1,0,1,1,10
233.623,722.083,-1,0,1,1,10
108.988,796.232,-1,0,1,1,10
163.373,879.237,-1,0,1,1,10
693.126,470.239,-1,0,1,1,10
1153.94,911.833,-1,0,1,1,10
593.927,462.09,-1,0,1,1,10
1413.16,940.035,-1,0,1,1,10
293.064,873.117,-1,0,1,1,10
336.649,757.115,-1,0,1,1,10
637.354,535.121,-1,0,1,1,10
473.562,935.262,-1,0,1,1,10
266.406,695.815,-1,0,1,1,10
458.847,619.89,-1,0,1,1,10
1086.94,338.044,-1,0,1,1,10
191.673,825.258,-1,0,1,1,10
278.2,696.782,-1,0,1,1,10
1350.31,934.95,-1,0,1,1,10
96.2156,786.471,-1,0,1,1,10
136.86,781.96,-1,0,1,1,10
316.455,704.923,-1,0,1,1,10
1446.5,385.611,-1,0,1,1,10
1062.63,349.466,-1,0,1,1,10
841.588,414.253,-1,0,1,1,10
1412.81,915.74,-1,0,1,1,10
195.53,829.146,-1,0,1,1,10
183.305,818.52,-1,0,1,1,10
490.949,553.212,-1,0,1,1,10
199.296,857.936,-1,0,1,1,10
1396.3,910.665,-1,0,1,1,10
162.438,761.945,-1,0,1,1,10
213.931,688.414,-1,0,1,1,10
269.515,890.252,-1,0,1,1,10
385.22,781.267,-1,0,1,1,10
169.641,814.933,-1,0,1,1,10
147.966,896.353,-1,0,1,1,10
164.655,739.908,-1,0,1,1,10
1294.42,946.517,-1,0,1,1,10
174.689,842.276,-1,0,1,1,10
388.445,854.427,-1,0,1,1,10
690.231,492.786,-1,0,1,1,10
284.945,898.606,-1,0,1,1,10
429.822,640.622,-1,0,1,1,10
460.954,576.825,-1,0,1,1,10
174.668,855.352,-1,0,1,1,10
1369.41,917.679,-1,0,1,1,10
319.477,791.194,-1,0,1,1,10
618.608,454.395,-1,0,1,1,10
469.912,575.054,-1,0,1,1,10
242.238,896.063,-1,0,1,1,10
510.835,596.304,-1,0,1,1,10
930.026,917.037,-1,0,1,1,10
272.289,685.701,-1,0,1,1,10
460.525,570.138,-1,0,1,1,10
1126.24,510.906,-1,0,1,1,10
998.071,917.068,-1,0,1,1,10
263.949,840.896,-1,0,1,1,10
455.576,669.813,-1,0,1,1,10
200.231,711.21,-1,0,1,1,10
668.798,465.451,-1,0,1,1,10
946.519,463.746,-1,0,1,1,10
1427.15,939.831,-1,0,1,1,10
435.141,670.206,-1,0,1,1,10
509.32,618.314,-1,0,1,1,10
123.266,769.401,-1,0,1,1,10
1266.03,923.512,-1,0,1,1,10
129.656,717.755,-1,0,1,1,10
869.702,940.781,-1,0,1,1,10
532.617,946.517,-1,0,1,1,10
636.659,443.902,-1,0,1,1,10
702.61,473.826,-1,0,1,1,10
607.775,564.115,-1,0,1,1,10
1308.32,935.159,-1,0,1,1,10
574.199,916.778,-1,0,1,1,10
1322.1,923.478,-1,0,1,1,10
1032.18,916.938,-1,0,1,1,10
775.885,916.773,-1,0,1,1,10
521.477,604.461,-1,0,1,1,10
245.283,879.932,-1,0,1,1,10
1446.5,946.517,-1,0,1,1,10
301.107,709.805,-1,0,1,1,10
198.732,729.968,-1,0,1,1,10
516.81,922.601,-1,0,1,1,10
235.317,896.211,-1,0,1,1,10
173.154,749.434,-1,0,1,1,10
1032.38,940.739,-1,0,1,1,10
1368.05,940.679,-1,0,1,1,10
122.19,753.044,-1,0,1,1,10
279.717,901.879,-1,0,1,1,10
307.736,874.206,-1,0,1,1,10
996.954,56.7985,-1,0,1,1,10
469.206,545.044,-1,0,1,1,10
491.521,607.389,-1,0,1,1,10
259.301,827.057,-1,0,1,1,10
308.366,713.83,-1,0,1,1,10
1297.47,917.516,-1,0,1,1,10
596.453,558.701,-1,0,1,1,10
76.9894,946.517,-1,0,1,1,10
854,910.398,-1,0,1,1,10
503.178,581.311,-1,0,1,1,10
919.862,923.025,-1,0,1,1,10
1388.53,924.048,-1,0,1,1,10
963.994,917.022,-1,0,1,1,10
528.427,929.624,-1,0,1,1,10
1280.05,923.442,-1,0,1,1,10
490.836,562.797,-1,0,1,1,10
206.275,836.392,-1,0,1,1,10
302.662,899.479,-1,0,1,1,10
187.14,730.265,-1,0,1,1,10
1398.86,940.924,-1,0,1,1,10
1418.47,946.517,-1,0,1,1,10
123.54,779.524,-1,0,1,1,10
1114.56,916.904,-1,0,1,1,10
217.642,893.48,-1,0,1,1,10
1174.45,924.018,-1,0,1,1,10
106.87,786.031,-1,0,1,1,10
458.607,638.758,-1,0,1,1,10
1304.58,917.472,-1,0,1,1,10
245.841,922.012,-1,0,1,1,10
1336.33,935.145,-1,0,1,1,10
712.678,909.948,-1,0,1,1,10
153.204,857.618,-1,0,1,1,10
595.892,536.431,-1,0,1,1,10
439.336,633.662,-1,0,1,1,10
495.222,573.299,-1,0,1,1,10
266.919,871.075,-1,0,1,1,10
395.185,946.517,-1,0,1,1,10
277.76,781.688,-1,0,1,1,10
584.395,524.508,-1,0,1,1,10
203.293,885.091,-1,0,1,1,10
189.314,837.582,-1,0,1,1,10
611.404,524.364,-1,0,1,1,10
976.903,510.619,-1,0,1,1,10
170.364,862.536,-1,0,1,1,10
204.15,842.729,-1,0,1,1,10
182.822,726.337,-1,0,1,1,10
947.746,478.812,-1,0,1,1,10
152.414,487.627,-1,0,1,1,10
171.836,739.734,-1,0,1,1,10
1103.24,910.554,-1,0,1,1,10
502.55,598.197,-1,0,1,1,10
683.274,946.517,-1,0,1,1,10
265.252,680.95,-1,0,1,1,10
1266.05,911.496,-1,0,1,1,10
517.423,606.8,-1,0,1,1,10
933.426,923.034,-1,0,1,1,10
499.542,531.408,-1,0,1,1,10
534.777,565.939,-1,0,1,1,10
587.195,467.247,-1,0,1,1,10
140.209,769.361,-1,0,1,1,10
290.699,906.009,-1,0,1,1,10
1109.28,503.443,-1,0,1,1,10
662.956,911.056,-1,0,1,1,10
1165.22,509.837,-1,0,1,1,10
967.161,910.886,-1,0,1,1,10
259.192,835.697,-1,0,1,1,10
484.634,561.946,-1,0,1,1,10
239.676,934.954,-1,0,1,1,10
291.013,718.757,-1,0,1,1,10
1262.56,917.493,-1,0,1,1,10
734.247,469.531,-1,0,1,1,10
480.573,628.758,-1,0,1,1,10
260.12,715.427,-1,0,1,1,10
864.302,537.623,-1,0,1,1,10
181.698,856.772,-1,0,1,1,10
307.381,798.7,-1,0,1,1,10
168.371,759.667,-1,0,1,1,10
1262.44,929.402,-1,0,1,1,10
348.855,763.519,-1,0,1,1,10
508.914,567.397,-1,0,1,1,10
170.756,847.53,-1,0,1,1,10
309.762,835.991,-1,0,1,1,10
867.666,922.792,-1,0,1,1,10
674.601,514.886,-1,0,1,1,10
1104.26,923.064,-1,0,1,1,10
974.157,911.073,-1,0,1,1,10
153.534,873.058,-1,0,1,1,10
295.112,826.987,-1,0,1,1,10
1241.67,917.12,-1,0,1,1,10
241.717,715.231,-1,0,1,1,10
1030.25,362.921,-1,0,1,1,10
235.664,732.076,-1,0,1,1,10
148.747,732.395,-1,0,1,1,10
552.367,917.73,-1,0,1,1,10
1220.45,450.138,-1,0,1,1,10
624.177,522.833,-1,0,1,1,10
333.6,862.376,-1,0,1,1,10
341.497,769.003,-1,0,1,1,10
1339.83,929.202,-1,0,1,1,10
257.658,851.011,-1,0,1,1,10
138.029,723.328,-1,0,1,1,10
606.521,935.306,-1,0,1,1,10
629.723,487.151,-1,0,1,1,10
204.018,722.01,-1,0,1,1,10
177.898,715.483,-1,0,1,1,10
210.994,885.665,-1,0,1,1,10
1343.45,935.014,-1,0,1,1,10
556.447,434.228,-1,0,1,1,10
534.142,484.767,-1,0,1,1,10
727.342,451.196,-1,0,1,1,10
226.283,849.306,-1,0,1,1,10
215.33,931.923,-1,0,1,1,10
1446.5,848.226,-1,0,1,1,10
187.782,724.046,-1,0,1,1,10
296.122,911.159,-1,0,1,1,10
301.042,736.81,-1,0,1,1,10
599.616,935.231,-1,0,1,1,10
274.951,805.406,-1,0,1,1,10
373.829,939.38,-1,0,1,1,10
1395.4,923.744,-1,0,1,1,10
198.217,723.975,-1,0,1,1,10
183.024,690.365,-1,0,1,1,10
1399.1,917.318,-1,0,1,1,10
543.589,520.139,-1,0,1,1,10
257.234,740.941,-1,0,1,1,10
450.417,602.754,-1,0,1,1,10
189.497,818.386,-1,0,1,1,10
478.111,929.483,-1,0,1,1,10
287.502,730.443,-1,0,1,1,10
412.146,664.545,-1,0,1,1,10
453.263,632.356,-1,0,1,1,10
1273.01,923.496,-1,0,1,1,10
430.7,790.108,-1,0,1,1,10
571.575,490.123,-1,0,1,1,10
263.317,912.268,-1,0,1,1,10
164.551,781.224,-1,0,1,1,10
443.898,935.762,-1,0,1,1,10
1353.92,940.802,-1,0,1,1,10
297.33,842.181,-1,0,1,1,10
501.102,622.336,-1,0,1,1,10
389.634,774.92,-1,0,1,1,10
994.93,566.12,-1,0,1,1,10
171.195,768.206,-1,0,1,1,10
285.195,697.192,-1,0,1,1,10
240.102,884.378,-1,0,1,1,10
265.16,719.087,-1,0,1,1,10
226.475,863.385,-1,0,1,1,10
657.793,434.091,-1,0,1,1,10
392.637,940.796,-1,0,1,1,10
665.221,516.112,-1,0,1,1,10
663.742,524.794,-1,0,1,1,10
454.955,683.046,-1,0,1,1,10
491.825,580.631,-1,0,1,1,10
232.441,842.271,-1,0,1,1,10
278.333,748.452,-1,0,1,1,10
1446.5,730.2,-1,0,1,1,10
465.085,586.68,-1,0,1,1,10
160.335,768.511,-1,0,1,1,10
273.114,811.877,-1,0,1,1,10
980.977,923.183,-1,0,1,1,10
330.181,754.512,-1,0,1,1,10
506.03,920.837,-1,0,1,1,10
494.33,559.058,-1,0,1,1,10
1183.07,494.909,-1,0,1,1,10
554.555,582.395,-1,0,1,1,10
343.643,946.517,-1,0,1,1,10
160.968,723.797,-1,0,1,1,10
201.024,695.209,-1,0,1,1,10
488.703,731.271,-1,0,1,1,10
216.897,728.735,-1,0,1,1,10
977.592,929.126,-1,0,1,1,10
459.793,631.478,-1,0,1,1,10
510.321,557.77,-1,0,1,1,10
1167.56,924.091,-1,0,1,1,10
515.97,600.109,-1,0,1,1,10
235.252,930.122,-1,0,1,1,10
561.289,519.985,-1,0,1,1,10
470.764,572.712,-1,0,1,1,10
665.023,418.232,-1,0,1,1,10
505.381,585.957,-1,0,1,1,10
1158.99,934.703,-1,0,1,1,10
465.529,659.646,-1,0,1,1,10
158.459,884.986,-1,0,1,1,10
155.572,748.999,-1,0,1,1,10
1212.06,735.542,-1,0,1,1,10
323.934,774.344,-1,0,1,1,10
216.362,837.151,-1,0,1,1,10
142.516,713.113,-1,0,1,1,10
1332.74,929.306,-1,0,1,1,10
212.943,903.453,-1,0,1,1,10
225.096,737.436,-1,0,1,1,10
219.954,700.542,-1,0,1,1,10
238.598,844.321,-1,0,1,1,10
1262.66,905.385,-1,0,1,1,10
272.775,858.1,-1,0,1,1,10
1374.32,922.58,-1,0,1,1,10
1322.76,911.095,-1,0,1,1,10
281.163,803.514,-1,0,1,1,10
472.317,522.539,-1,0,1,1,10
390.899,529.914,-1,0,1,1,10
1406.47,946.517,-1,0,1,1,10
468.714,578.217,-1,0,1,1,10
786.428,915.611,-1,0,1,1,10
1353.72,915.944,-1,0,1,1,10
360.284,946.517,-1,0,1,1,10
259.76,857.574,-1,0,1,1,10
166.192,771.298,-1,0,1,1,10
163.468,864.931,-1,0,1,1,10
136.351,744.666,-1,0,1,1,10
722.329,915.679,-1,0,1,1,10
684.117,490.446,-1,0,1,1,10
214.463,695.029,-1,0,1,1,10
657.401,424.07,-1,0,1,1,10
1379.4,935.287,-1,0,1,1,10
156.367,786.583,-1,0,1,1,10
135.296,888.602,-1,0,1,1,10
158.754,737.522,-1,0,1,1,10
395.744,612.504,-1,0,1,1,10
188.386,713.764,-1,0,1,1,10
144.516,884.94,-1,0,1,1,10
336.023,946.517,-1,0,1,1,10
275.607,722.096,-1,0,1,1,10
484.221,793.263,-1,0,1,1,10
143.605,830.287,-1,0,1,1,10
714.749,448.553,-1,0,1,1,10
287.864,712.056,-1,0,1,1,10
1231.16,911.189,-1,0,1,1,10
1280.32,946.517,-1,0,1,1,10
310.506,828.953,-1,0,1,1,10
218.404,885.043,-1,0,1,1,10
656.58,911.195,-1,0,1,1,10
1021.84,554.244,-1,0,1,1,10
161.35,872.267,-1,0,1,1,10
206.112,863.05,-1,0,1,1,10
136.495,839.402,-1,0,1,1,10
240.252,739.234,-1,0,1,1,10
246.581,738.531,-1,0,1,1,10
274.072,871.54,-1,0,1,1,10
687.096,909.055,-1,0,1,1,10
281.77,891.247,-1,0,1,1,10
723.624,442.259,-1,0,1,1,10
1332.43,917.585,-1,0,1,1,10
219.613,874.023,-1,0,1,1,10
148.09,878.347,-1,0,1,1,10
324.037,878.202,-1,0,1,1,10
439.783,940.99,-1,0,1,1,10
480.347,589.199,-1,0,1,1,10
1311.58,917.57,-1,0,1,1,10
270.795,728.719,-1,0,1,1,10
531.206,543.787,-1,0,1,1,10
769.021,916.104,-1,0,1,1,10
254.33,867.162,-1,0,1,1,10
236.394,914.145,-1,0,1,1,10
311.191,791.998,-1,0,1,1,10
738.837,908.01,-1,0,1,1,10
498.138,578.953,-1,0,1,1,10
172.658,888.975,-1,0,1,1,10
376.695,688.67,-1,0,1,1,10
628.605,468.269,-1,0,1,1,10
263.364,742.799,-1,0,1,1,10
252.812,722.086,-1,0,1,1,10
354.841,789.848,-1,0,1,1,10
237.673,867.822,-1,0,1,1,10
484.41,585.121,-1,0,1,1,10
596.881,491.791,-1,0,1,1,10
154.962,815.06,-1,0,1,1,10
143.338,746.315,-1,0,1,1,10
269.895,722.812,-1,0,1,1,10
501.448,593.416,-1,0,1,1,10
559.913,918.014,-1,0,1,1,10
554.226,940.619,-1,0,1,1,10
327.471,837.962,-1,0,1,1,10
1259.01,923.41,-1,0,1,1,10
211.257,896.931,-1,0,1,1,10
174.309,802.194,-1,0,1,1,10
1315.39,946.517,-1,0,1,1,10
497.893,598.956,-1,0,1,1,10
326.314,791.354,-1,0,1,1,10
497.035,496.054,-1,0,1,1,10
159.801,695.603,-1,0,1,1,10
661.977,504.083,-1,0,1,1,10
590.142,496.699,-1,0,1,1,10
507.616,577.027,-1,0,1,1,10
221.37,866.817,-1,0,1,1,10
171.171,714.243,-1,0,1,1,10
168.02,855.258,-1,0,1,1,10
158.628,757.525,-1,0,1,1,10
818.952,923.058,-1,0,1,1,10
1276.62,929.387,-1,0,1,1,10
475.595,617.19,-1,0,1,1,10
251.133,743.472,-1,0,1,1,10
498.198,644.213,-1,0,1,1,10
227.673,709.511,-1,0,1,1,10
284.338,749.101,-1,0,1,1,10
1329.36,946.517,-1,0,1,1,10
298.494,783.113,-1,0,1,1,10
710.053,946.517,-1,0,1,1,10
230.746,887.047,-1,0,1,1,10
526.131,393.46,-1,0,1,1,10
419.566,632.857,-1,0,1,1,10
1339.37,917.524,-1,0,1,1,10
193.112,843.199,-1,0,1,1,10
568.2,500.251,-1,0,1,1,10
677.981,491.023,-1,0,1,1,10
254.518,892.747,-1,0,1,1,10
582.666,491.065,-1,0,1,1,10
1423.49,934.032,-1,0,1,1,10
525.405,601.041,-1,0,1,1,10
1446.5,789.244,-1,0,1,1,10
207.474,878.508,-1,0,1,1,10
170.764,783.295,-1,0,1,1,10
168.11,873.891,-1,0,1,1,10
836.074,940.661,-1,0,1,1,10
222.301,687.68,-1,0,1,1,10
96.6122,796.287,-1,0,1,1,10
244.828,723.292,-1,0,1,1,10
53.6749,488.976,-1,0,1,1,10
144.76,779.781,-1,0,1,1,10
680.14,464.333,-1,0,1,1,10
651.414,929.315,-1,0,1,1,10
295.185,776.379,-1,0,1,1,10
423.425,645.31,-1,0,1,1,10
367.292,936.331,-1,0,1,1,10
676.044,425.398,-1,0,1,1,10
285.148,829.144,-1,0,1,1,10
201.088,830.943,-1,0,1,1,10
269.801,752.543,-1,0,1,1,10
308.897,849.269,-1,0,1,1,10
331.748,817.925,-1,0,1,1,10
264.251,688.92,-1,0,1,1,10
359.308,774.422,-1,0,1,1,10
459.25,659.254,-1,0,1,1,10
469.169,603.444,-1,0,1,1,10
536.331,919.118,-1,0,1,1,10
353.515,838.725,-1,0,1,1,10
845.862,401.421,-1,0,1,1,10
1128.33,916.937,-1,0,1,1,10
556.016,435.752,-1,0,1,1,10
1186.05,916.933,-1,0,1,1,10
1177.9,917.763,-1,0,1,1,10
145.217,739.177,-1,0,1,1,10
276.668,878.323,-1,0,1,1,10
523.335,847.889,-1,0,1,1,10
673.623,421.48,-1,0,1,1,10
552.208,930.713,-1,0,1,1,10
259.093,722.153,-1,0,1,1,10
299.632,816.085,-1,0,1,1,10
318.051,935.469,-1,0,1,1,10
1423.73,917.988,-1,0,1,1,10
1294.25,935.109,-1,0,1,1,10
213.66,865.3,-1,0,1,1,10
1025.4,402.833,-1,0,1,1,10
100.487,780.716,-1,0,1,1,10
1405.82,940.263,-1,0,1,1,10
504.109,561.16,-1,0,1,1,10
316.146,763.629,-1,0,1,1,10
153.332,891.239,-1,0,1,1,10
310.636,759.623,-1,0,1,1,10
524.576,935.343,-1,0,1,1,10
1346.86,916.24,-1,0,1,1,10
1364.37,934.765,-1,0,1,1,10
1252.19,911.278,-1,0,1,1,10
156.661,866.311,-1,0,1,1,10
324.511,854.959,-1,0,1,1,10
270.564,905.317,-1,0,1,1,10
1416.41,922.06,-1,0,1,1,10
507.33,571.873,-1,0,1,1,10
1324.36,680.96,-1,0,1,1,10
352.482,861.845,-1,0,1,1,10
220.006,844.083,-1,0,1,1,10
319.532,781.007,-1,0,1,1,10
172.749,773.823,-1,0,1,1,10
247.623,712.238,-1,0,1,1,10
210.451,840.876,-1,0,1,1,10
186.313,851.479,-1,0,1,1,10
1385.25,916.501,-1,0,1,1,10
583.084,917.625,-1,0,1,1,10
320.402,768.724,-1,0,1,1,10
786.868,922.301,-1,0,1,1,10
684.066,450.695,-1,0,1,1,10
192.79,856.756,-1,0,1,1,10
279.207,770.344,-1,0,1,1,10
306.917,892.319,-1,0,1,1,10
296.443,760.703,-1,0,1,1,10
947.596,422.412,-1,0,1,1,10
222.377,713.77,-1,0,1,1,10
287.324,883.938,-1,0,1,1,10
474.631,565.914,-1,0,1,1,10
723.817,922.571,-1,0,1,1,10
253.946,831.736,-1,0,1,1,10
195.799,745.434,-1,0,1,1,10
236.072,704.441,-1,0,1,1,10
265.634,732.73,-1,0,1,1,10
223.406,726.579,-1,0,1,1,10
533.684,587.555,-1,0,1,1,10
710.82,429.138,-1,0,1,1,10
283.79,869.756,-1,0,1,1,10
234.577,710.75,-1,0,1,1,10
256.292,689.771,-1,0,1,1,10
184.902,751.47,-1,0,1,1,10
158.638,792.928,-1,0,1,1,10
118.947,802.635,-1,0,1,1,10
315.901,839.181,-1,0,1,1,10
1446.54,931.483,-1,0,1,1,10
271.838,818.144,-1,0,1,1,10
443.249,662.456,-1,0,1,1,10
282.455,703.614,-1,0,1,1,10
138.829,871.249,-1,0,1,1,10
131.708,874.491,-1,0,1,1,10
619.3,916.271,-1,0,1,1,10
195.462,706.525,-1,0,1,1,10
603.235,910.848,-1,0,1,1,10
264.093,755.287,-1,0,1,1,10
208.887,915.969,-1,0,1,1,10
215.98,716.596,-1,0,1,1,10
287.74,757.489,-1,0,1,1,10
729.434,529.024,-1,0,1,1,10
881.984,916.309,-1,0,1,1,10
507.135,928.407,-1,0,1,1,10
1386.84,946.517,-1,0,1,1,10
678.117,430.849,-1,0,1,1,10
687.289,465.505,-1,0,1,1,10
395.235,934.749,-1,0,1,1,10
248.082,699.144,-1,0,1,1,10
296.618,793.12,-1,0,1,1,10
648.157,923.217,-1,0,1,1,10
257.505,882.327,-1,0,1,1,10
178.81,740.667,-1,0,1,1,10
200.262,837.57,-1,0,1,1,10
149.6,905.034,-1,0,1,1,10
303.723,741.118,-1,0,1,1,10
257.567,913.915,-1,0,1,1,10
166.856,793.612,-1,0,1,1,10
232.081,688.56,-1,0,1,1,10
113.731,736.493,-1,0,1,1,10
460.252,645.611,-1,0,1,1,10
751.001,923.303,-1,0,1,1,10
199.601,677.154,-1,0,1,1,10
253.073,838.694,-1,0,1,1,10
520.802,487.843,-1,0,1,1,10
1416.57,934.109,-1,0,1,1,10
285.943,798.902,-1,0,1,1,10
491.691,923.442,-1,0,1,1,10
282.436,765.206,-1,0,1,1,10
447.836,940.908,-1,0,1,1,10
1379.1,946.517,-1,0,1,1,10
377.846,778.645,-1,0,1,1,10
478.858,525.747,-1,0,1,1,10
510.391,934.739,-1,0,1,1,10
986.492,516.884,-1,0,1,1,10
307.409,766.195,-1,0,1,1,10
314.944,797.022,-1,0,1,1,10
229.316,898.351,-1,0,1,1,10
672.846,928.777,-1,0,1,1,10
83.8954,785.605,-1,0,1,1,10
1356.95,922.295,-1,0,1,1,10
241.776,733.182,-1,0,1,1,10
176.661,779.876,-1,0,1,1,10
1435.52,922.86,-1,0,1,1,10
675.554,468.592,-1,0,1,1,10
950.402,916.883,-1,0,1,1,10
879.857,946.517,-1,0,1,1,10
688.113,421.908,-1,0,1,1,10
297.396,730.055,-1,0,1,1,10
164.199,805.35,-1,0,1,1,10
665.441,698.034,-1,0,1,1,10
286.045,852.864,-1,0,1,1,10
896.217,928.803,-1,0,1,1,10
613.441,256.849,-1,0,1,1,10
333.425,790.688,-1,0,1,1,10
178.601,764.285,-1,0,1,1,10
517.921,557.34,-1,0,1,1,10
836.192,928.727,-1,0,1,1,10
1447.39,188.062,-1,0,1,1,10
208.12,691.174,-1,0,1,1,10
147.728,716.982,-1,0,1,1,10
288.891,776.922,-1,0,1,1,10
764.721,922.624,-1,0,1,1,10
188.723,868.47,-1,0,1,1,10
148.03,852.556,-1,0,1,1,10
189.562,918.212,-1,0,1,1,10
238.271,726.567,-1,0,1,1,10
741.59,432.792,-1,0,1,1,10
290.655,793.699,-1,0,1,1,10
885.586,922.393,-1,0,1,1,10
269.246,745.148,-1,0,1,1,10
1073.28,486.441,-1,0,1,1,10
342.951,801.783,-1,0,1,1,10
970.871,518.518,-1,0,1,1,10
479.088,642.085,-1,0,1,1,10
658.889,929.391,-1,0,1,1,10
142.507,752.906,-1,0,1,1,10
505.182,589.014,-1,0,1,1,10
135.967,789.182,-1,0,1,1,10
187.691,694.902,-1,0,1,1,10
717.874,392.534,-1,0,1,1,10
424.688,637.972,-1,0,1,1,10
288.276,840.859,-1,0,1,1,10
134.6,853.348,-1,0,1,1,10
207.465,703.261,-1,0,1,1,10
232.663,947.443,-1,0,1,1,10
585.078,395.375,-1,0,1,1,10
231.692,919.716,-1,0,1,1,10
333.557,907.708,-1,0,1,1,10
1300.94,911.5,-1,0,1,1,10
1390.93,941.045,-1,0,1,1,10
505.173,604.355,-1,0,1,1,10
124.141,847.225,-1,0,1,1,10
699.603,916.751,-1,0,1,1,10
117.401,821.216,-1,0,1,1,10
240.973,926.698,-1,0,1,1,10
548.764,538.767,-1,0,1,1,10
239.365,908.711,-1,0,1,1,10
671.645,439.264,-1,0,1,1,10
627.147,923.024,-1,0,1,1,10
124.73,798.448,-1,0,1,1,10
349.616,796.097,-1,0,1,1,10
165.198,715.741,-1,0,1,1,10
203.801,716.266,-1,0,1,1,10
462.476,553.33,-1,0,1,1,10
829.339,928.856,-1,0,1,1,10
619.185,417.188,-1,0,1,1,10
301.682,920.921,-1,0,1,1,10
181.922,698.81,-1,0,1,1,10
144.51,821.459,-1,0,1,1,10
111.944,802.195,-1,0,1,1,10
288.106,767.209,-1,0,1,1,10
596.25,726.054,-1,0,1,1,10
338.11,813.325,-1,0,1,1,10
1446.5,813.854,-1,0,1,1,10
151.862,739.433,-1,0,1,1,10
428.17,648.036,-1,0,1,1,10
223.927,880.074,-1,0,1,1,10
511.344,466.824,-1,0,1,1,10
277.731,716.237,-1,0,1,1,10
180.612,888.519,-1,0,1,1,10
223.246,919.422,-1,0,1,1,10
592.049,505.568,-1,0,1,1,10
1297.68,929.251,-1,0,1,1,10
328.87,804.52,-1,0,1,1,10
168.677,744.871,-1,0,1,1,10
1436.19,929.84,-1,0,1,1,10
1446.5,234.04,-1,0,1,1,10
130.626,755.114,-1,0,1,1,10
808.506,929.111,-1,0,1,1,10
81.9438,430.049,-1,0,1,1,10
328.871,797.279,-1,0,1,1,10
636.542,456.373,-1,0,1,1,10
304.793,908.929,-1,0,1,1,10
474.958,922.942,-1,0,1,1,10
747.265,929.03,-1,0,1,1,10
563.111,502.961,-1,0,1,1,10
200.509,702.308,-1,0,1,1,10
259.806,708.851,-1,0,1,1,10
432.38,661.106,-1,0,1,1,10
677.718,447.953,-1,0,1,1,10
892.475,922.62,-1,0,1,1,10
193.135,119.963,-1,0,1,1,10
592.06,449.254,-1,0,1,1,10
242.021,694.4,-1,0,1,1,10
185.824,824.239,-1,0,1,1,10
313.155,810.744,-1,0,1,1,10
328.232,746.923,-1,0,1,1,10
254.314,905.49,-1,0,1,1,10
541.405,575.208,-1,0,1,1,10
314.988,803.814,-1,0,1,1,10
1409.23,922.506,-1,0,1,1,10
1194.64,299.124,-1,0,1,1,10
137.575,832.739,-1,0,1,1,10
301.141,788.445,-1,0,1,1,10
264.58,725.946,-1,0,1,1,10
522.934,496.644,-1,0,1,1,10
147.018,835.991,-1,0,1,1,10
194.372,696.708,-1,0,1,1,10
680.197,440.28,-1,0,1,1,10
263.728,925.346,-1,0,1,1,10
133.157,827.49,-1,0,1,1,10
544.92,761.071,-1,0,1,1,10
525.325,923.427,-1,0,1,1,10
253.194,694.909,-1,0,1,1,10
314.534,822.66,-1,0,1,1,10
269.197,917.123,-1,0,1,1,10
321.426,811.001,-1,0,1,1,10
419.542,638.378,-1,0,1,1,10
172.363,762.489,-1,0,1,1,10
230.636,925.954,-1,0,1,1,10
689.595,922.477,-1,0,1,1,10
174.445,692.837,-1,0,1,1,10
291.49,832.562,-1,0,1,1,10
525.114,513.606,-1,0,1,1,10
533.875,925.513,-1,0,1,1,10
1119.88,477.952,-1,0,1,1,10
510.319,606.985,-1,0,1,1,10
270.035,922.9,-1,0,1,1,10
633.064,430.126,-1,0,1,1,10
293.783,848.091,-1,0,1,1,10
260.106,871.801,-1,0,1,1,10
130.401,765.453,-1,0,1,1,10
300.464,822.503,-1,0,1,1,10
792.789,918.698,-1,0,1,1,10
454.755,555.898,-1,0,1,1,10
685.125,429.122,-1,0,1,1,10
197.807,683.172,-1,0,1,1,10
475.83,574.734,-1,0,1,1,10
688.041,500.16,-1,0,1,1,10
146.186,725.27,-1,0,1,1,10
316.459,775.369,-1,0,1,1,10
529.129,501.649,-1,0,1,1,10
185.04,830.256,-1,0,1,1,10
340.902,821.203,-1,0,1,1,10
589.347,929.154,-1,0,1,1,10
175.174,835.846,-1,0,1,1,10
669.709,431.835,-1,0,1,1,10
159.207,729.849,-1,0,1,1,10
465.654,617.599,-1,0,1,1,10
317.895,828.676,-1,0,1,1,10
679.646,928.596,-1,0,1,1,10
714.682,916.098,-1,0,1,1,10
600.112,923.534,-1,0,1,1,10
263.109,703.346,-1,0,1,1,10
209.945,724.771,-1,0,1,1,10
136.516,751.276,-1,0,1,1,10
723.483,934.711,-1,0,1,1,10
575.278,929.108,-1,0,1,1,10
142.978,840.935,-1,0,1,1,10
203.783,924.512,-1,0,1,1,10
625.139,454.85,-1,0,1,1,10
269.943,911.11,-1,0,1,1,10
784.492,934.928,-1,0,1,1,10
609.011,457.132,-1,0,1,1,10
301.75,731.287,-1,0,1,1,10
184.851,704.992,-1,0,1,1,10
145.553,757.62,-1,0,1,1,10
247.11,705.688,-1,0,1,1,10
1175.11,418.711,-1,0,1,1,10
207.748,697.532,-1,0,1,1,10
297.754,930.694,-1,0,1,1,10
192.466,733.232,-1,0,1,1,10
483.65,575.749,-1,0,1,1,10
296.135,737.055,-1,0,1,1,10
530.991,554.571,-1,0,1,1,10
599.437,497.57,-1,0,1,1,10
300.934,748.32,-1,0,1,1,10
53.5,636.224,-1,0,1,1,10
162.819,787.479,-1,0,1,1,10
389.247,786.183,-1,0,1,1,10
710.14,922.856,-1,0,1,1,10
639.102,524.479,-1,0,1,1,10
305.271,781.798,-1,0,1,1,10
511.787,590.292,-1,0,1,1,10
134.589,864.062,-1,0,1,1,10
246.225,907.203,-1,0,1,1,10
805.055,923.206,-1,0,1,1,10
281.31,710.537,-1,0,1,1,10
730.89,489.93,-1,0,1,1,10
303.165,838.47,-1,0,1,1,10
521.475,929.19,-1,0,1,1,10
448.497,615.635,-1,0,1,1,10
737.101,934.859,-1,0,1,1,10
410.634,940.5,-1,0,1,1,10
247.523,718.46,-1,0,1,1,10
53.5,129.391,-1,0,1,1,10
492.929,690.677,-1,0,1,1,10
216.323,734.632,-1,0,1,1,10
798.219,935.014,-1,0,1,1,10
885.571,910.303,-1,0,1,1,10
278.789,836.571,-1,0,1,1,10
314.122,745.284,-1,0,1,1,10
247.838,690.488,-1,0,1,1,10
367.001,946.517,-1,0,1,1,10
183.287,880.206,-1,0,1,1,10
688.326,513.826,-1,0,1,1,10
324.237,843.62,-1,0,1,1,10
480.365,643.502,-1,0,1,1,10
145.667,869.97,-1,0,1,1,10
285.488,835.139,-1,0,1,1,10
263.744,905.537,-1,0,1,1,10
503.271,934.273,-1,0,1,1,10
320.671,746.266,-1,0,1,1,10
189.314,876.451,-1,0,1,1,10
309.337,900.241,-1,0,1,1,10
134.529,758.497,-1,0,1,1,10
586.192,923.316,-1,0,1,1,10
381.479,783.942,-1,0,1,1,10
170.936,704.429,-1,0,1,1,10
1446.5,318.89,-1,0,1,1,10
130.215,778.985,-1,0,1,1,10
178.242,675.268,-1,0,1,1,10
762.085,916.207,-1,0,1,1,10
352.641,812.35,-1,0,1,1,10
651.77,441.84,-1,0,1,1,10
315.116,786.42,-1,0,1,1,10
449.471,657.586,-1,0,1,1,10
259.61,697.754,-1,0,1,1,10
757.858,922.51,-1,0,1,1,10
308.359,805.387,-1,0,1,1,10
243.996,914.426,-1,0,1,1,10
265.529,834.603,-1,0,1,1,10
340.589,762.466,-1,0,1,1,10
317.029,736.923,-1,0,1,1,10
675.985,922.725,-1,0,1,1,10
345.15,778.332,-1,0,1,1,10
668.094,514.69,-1,0,1,1,10
205.677,708.867,-1,0,1,1,10
290.327,859.75,-1,0,1,1,10
373.567,946.517,-1,0,1,1,10
179.335,721.674,-1,0,1,1,10
278.044,742.1,-1,0,1,1,10
202.192,913.145,-1,0,1,1,10
394.68,827.319,-1,0,1,1,10
341.956,790.731,-1,0,1,1,10
248.273,677.212,-1,0,1,1,10
729.569,916.547,-1,0,1,1,10
197.824,902.794,-1,0,1,1,10
178.64,820.987,-1,0,1,1,10
326.996,765.788,-1,0,1,1,10
420.136,812.539,-1,0,1,1,10
158.814,717.916,-1,0,1,1,10
748.202,917.098,-1,0,1,1,10
427.277,680.438,-1,0,1,1,10
520.975,586.393,-1,0,1,1,10
377.048,834.362,-1,0,1,1,10
221.693,720.447,-1,0,1,1,10
380.288,946.517,-1,0,1,1,10
754.069,929.143,-1,0,1,1,10
1164.14,930.219,-1,0,1,1,10
1054.67,772.942,-1,0,1,1,10
285.112,648.008,-1,0,1,1,10
279.56,912.783,-1,0,1,1,10
149.201,751.659,-1,0,1,1,10
812.075,946.517,-1,0,1,1,10
140.07,761.877,-1,0,1,1,10
718.727,441.244,-1,0,1,1,10
120.037,741.251,-1,0,1,1,10
1080.78,112.537,-1,0,1,1,10
408.327,946.517,-1,0,1,1,10
805.095,934.954,-1,0,1,1,10
564.524,922.972,-1,0,1,1,10
157.421,774.143,-1,0,1,1,10
313.55,916.25,-1,0,1,1,10
314.906,945.048,-1,0,1,1,10
420.61,946.517,-1,0,1,1,10
1097.43,923.075,-1,0,1,1,10
454.257,338.456,-1,0,1,1,10
184.51,718.132,-1,0,1,1,10
149.775,864.068,-1,0,1,1,10
175.145,709.465,-1,0,1,1,10
489.736,946.517,-1,0,1,1,10
564.325,910.334,-1,0,1,1,10
191.918,719.574,-1,0,1,1,10
247.397,900.445,-1,0,1,1,10
152.191,845.55,-1,0,1,1,10
414.376,946.517,-1,0,1,1,10
517.402,946.517,-1,0,1,1,10
764.251,934.773,-1,0,1,1,10
481.387,935.673,-1,0,1,1,10
174.835,698.73,-1,0,1,1,10
417.563,941.181,-1,0,1,1,10
292.606,725.732,-1,0,1,1,10
480.924,946.517,-1,0,1,1,10
640.961,923.253,-1,0,1,1,10
321.876,804.117,-1,0,1,1,10
482.045,588.671,-1,0,1,1,10
443.88,946.517,-1,0,1,1,10
503.501,946.517,-1,0,1,1,10
485.344,941.276,-1,0,1,1,10
308.781,775.838,-1,0,1,1,10
249.62,684.084,-1,0,1,1,10
572.127,411.249,-1,0,1,1,10
496.645,946.517,-1,0,1,1,10
510.434,946.517,-1,0,1,1,10
551.032,946.517,-1,0,1,1,10
605,917.53,-1,0,1,1,10
196.532,896.117,-1,0,1,1,10
231.009,695.516,-1,0,1,1,10
196.508,917.727,-1,0,1,1,10
548.752,936.591,-1,0,1,1,10
564.749,946.517,-1,0,1,1,10
430.039,946.517,-1,0,1,1,10
738.865,915.75,-1,0,1,1,10
286.132,818.167,-1,0,1,1,10
493.132,940.543,-1,0,1,1,10
436.383,946.517,-1,0,1,1,10
540.034,946.517,-1,0,1,1,10
717.014,922.592,-1,0,1,1,10
294.386,916.73,-1,0,1,1,10
401.014,931.382,-1,0,1,1,10
281.528,737.104,-1,0,1,1,10
432.8,940.404,-1,0,1,1,10
557.806,946.517,-1,0,1,1,10
752.92,910.594,-1,0,1,1,10
241.311,708.731,-1,0,1,1,10
169.049,734.292,-1,0,1,1,10
241.171,902.823,-1,0,1,1,10
159.524,893.775,-1,0,1,1,10
561.184,940.801,-1,0,1,1,10
582.304,929.012,-1,0,1,1,10
123.859,787.803,-1,0,1,1,10
425.331,943.503,-1,0,1,1,10
450.98,946.517,-1,0,1,1,10
578.631,946.517,-1,0,1,1,10
619.964,946.517,-1,0,1,1,10
616.891,929.146,-1,0,1,1,10
419.288,936.493,-1,0,1,1,10
128.749,822.685,-1,0,1,1,10
473.458,946.517,-1,0,1,1,10
557.76,934.809,-1,0,1,1,10
633.347,946.517,-1,0,1,1,10
457.997,934.957,-1,0,1,1,10
181.876,909.629,-1,0,1,1,10
401.834,946.517,-1,0,1,1,10
544.907,930.754,-1,0,1,1,10
626.702,946.517,-1,0,1,1,10
646.078,946.517,-1,0,1,1,10
770.928,934.821,-1,0,1,1,10
81.3771,792.615,-1,0,1,1,10
296.721,862.212,-1,0,1,1,10
506.918,940.591,-1,0,1,1,10
545.6,942.667,-1,0,1,1,10
571.716,946.517,-1,0,1,1,10
726.773,940.688,-1,0,1,1,10
486.647,928.576,-1,0,1,1,10
413.46,934.505,-1,0,1,1,10
536.346,940.797,-1,0,1,1,10
465.662,946.517,-1,0,1,1,10
585.526,946.517,-1,0,1,1,10
666.012,928.992,-1,0,1,1,10
514.143,928.931,-1,0,1,1,10
177.048,862.16,-1,0,1,1,10
162.286,746.499,-1,0,1,1,10
592.401,946.517,-1,0,1,1,10
639.818,946.517,-1,0,1,1,10
623.674,929.025,-1,0,1,1,10
462.226,940.517,-1,0,1,1,10
387.344,945.937,-1,0,1,1,10
599.334,946.517,-1,0,1,1,10
630.233,940.779,-1,0,1,1,10
652.112,946.517,-1,0,1,1,10
680.048,914.478,-1,0,1,1,10
426.232,937.57,-1,0,1,1,10
445.964,929.234,-1,0,1,1,10
582.117,940.82,-1,0,1,1,10
829.285,940.7,-1,0,1,1,10
664.039,946.517,-1,0,1,1,10
593.176,923.433,-1,0,1,1,10
495.97,934.058,-1,0,1,1,10
532.188,935.3,-1,0,1,1,10
643.649,940.646,-1,0,1,1,10
842.817,940.596,-1,0,1,1,10
676.868,946.517,-1,0,1,1,10
873.003,918.406,-1,0,1,1,10
142.605,901.034,-1,0,1,1,10
498.083,747.382,-1,0,1,1,10
403.69,939.187,-1,0,1,1,10
636.891,940.688,-1,0,1,1,10
706.644,940.664,-1,0,1,1,10
774.405,928.862,-1,0,1,1,10
513.862,940.712,-1,0,1,1,10
469.715,941.229,-1,0,1,1,10
561.261,928.92,-1,0,1,1,10
723.456,946.517,-1,0,1,1,10
760.754,940.764,-1,0,1,1,10
730.195,934.883,-1,0,1,1,10
613.377,935.164,-1,0,1,1,10
312.875,769.918,-1,0,1,1,10
606.295,946.517,-1,0,1,1,10
777.709,946.517,-1,0,1,1,10
716.701,946.517,-1,0,1,1,10
655.199,923.554,-1,0,1,1,10
458.758,946.517,-1,0,1,1,10
454.728,940.98,-1,0,1,1,10
699.978,940.707,-1,0,1,1,10
689.843,946.517,-1,0,1,1,10
696.581,946.517,-1,0,1,1,10
706.624,916.87,-1,0,1,1,10
564.699,934.914,-1,0,1,1,10
650.613,940.469,-1,0,1,1,10
595.989,940.883,-1,0,1,1,10
863.008,940.732,-1,0,1,1,10
743.786,946.517,-1,0,1,1,10
682.829,922.417,-1,0,1,1,10
609.926,941.005,-1,0,1,1,10
578.716,934.883,-1,0,1,1,10
784.499,946.517,-1,0,1,1,10
754.028,940.824,-1,0,1,1,10
805.211,946.517,-1,0,1,1,10
818.965,934.923,-1,0,1,1,10
662.922,934.812,-1,0,1,1,10
575.228,940.817,-1,0,1,1,10
589.035,940.84,-1,0,1,1,10
770.93,946.517,-1,0,1,1,10
703.354,946.517,-1,0,1,1,10
879.859,934.842,-1,0,1,1,10
673.341,940.643,-1,0,1,1,10
541.91,936.806,-1,0,1,1,10
658.005,946.517,-1,0,1,1,10
839.551,934.712,-1,0,1,1,10
856.31,940.651,-1,0,1,1,10
936.848,928.998,-1,0,1,1,10
779.913,922.303,-1,0,1,1,10
517.552,934.896,-1,0,1,1,10
647.32,934.716,-1,0,1,1,10
764.079,946.517,-1,0,1,1,10
737.026,946.517,-1,0,1,1,10
630.445,928.931,-1,0,1,1,10
592.629,934.99,-1,0,1,1,10
843.013,928.722,-1,0,1,1,10
916.567,940.734,-1,0,1,1,10
852.852,946.517,-1,0,1,1,10
846.173,946.517,-1,0,1,1,10
733.712,929.052,-1,0,1,1,10
568.202,940.838,-1,0,1,1,10
659.498,940.327,-1,0,1,1,10
866.407,935.005,-1,0,1,1,10
883.146,940.71,-1,0,1,1,10
859.544,946.517,-1,0,1,1,10
815.556,940.799,-1,0,1,1,10
796.476,912.765,-1,0,1,1,10
839.45,946.517,-1,0,1,1,10
679.974,940.642,-1,0,1,1,10
886.431,946.517,-1,0,1,1,10
832.664,946.517,-1,0,1,1,10
916.473,928.88,-1,0,1,1,10
612.083,916.462,-1,0,1,1,10
623.524,940.863,-1,0,1,1,10
666.468,940.68,-1,0,1,1,10
713.325,940.599,-1,0,1,1,10
781.126,940.757,-1,0,1,1,10
750.574,934.913,-1,0,1,1,10
539.813,913.012,-1,0,1,1,10
709.984,934.61,-1,0,1,1,10
407.127,933.547,-1,0,1,1,10
693.19,940.712,-1,0,1,1,10
859.711,934.803,-1,0,1,1,10
1121.43,917.026,-1,0,1,1,10
676.46,934.659,-1,0,1,1,10
640.538,934.749,-1,0,1,1,10
889.758,940.681,-1,0,1,1,10
791.395,946.517,-1,0,1,1,10
919.961,946.517,-1,0,1,1,10
794.837,940.783,-1,0,1,1,10
726.959,928.857,-1,0,1,1,10
585.651,934.909,-1,0,1,1,10
767.476,940.686,-1,0,1,1,10
930.138,940.843,-1,0,1,1,10
866.291,946.517,-1,0,1,1,10
747.202,940.78,-1,0,1,1,10
696.425,922.787,-1,0,1,1,10
620.158,934.956,-1,0,1,1,10
923.294,940.838,-1,0,1,1,10
933.544,946.517,-1,0,1,1,10
906.478,946.517,-1,0,1,1,10
822.382,916.983,-1,0,1,1,10
637.297,928.788,-1,0,1,1,10
716.751,934.619,-1,0,1,1,10
947.329,946.517,-1,0,1,1,10
913.221,946.517,-1,0,1,1,10
994.785,946.517,-1,0,1,1,10
916.449,916.923,-1,0,1,1,10
669.724,934.776,-1,0,1,1,10
571.708,923.234,-1,0,1,1,10
798.29,946.517,-1,0,1,1,10
893.081,946.517,-1,0,1,1,10
873.061,946.517,-1,0,1,1,10
777.745,934.824,-1,0,1,1,10
730.191,946.517,-1,0,1,1,10
571.699,934.946,-1,0,1,1,10
886.457,934.736,-1,0,1,1,10
903.082,940.711,-1,0,1,1,10
899.825,946.517,-1,0,1,1,10
1070.06,911.189,-1,0,1,1,10
899.371,922.712,-1,0,1,1,10
616.732,940.923,-1,0,1,1,10
633.778,934.8,-1,0,1,1,10
977.583,940.88,-1,0,1,1,10
991.365,940.86,-1,0,1,1,10
781.193,928.982,-1,0,1,1,10
815.493,929.047,-1,0,1,1,10
740.422,940.711,-1,0,1,1,10
896.388,940.711,-1,0,1,1,10
919.888,934.878,-1,0,1,1,10
1001.64,946.517,-1,0,1,1,10
906.214,922.757,-1,0,1,1,10
883.062,928.735,-1,0,1,1,10
696.503,934.743,-1,0,1,1,10
980.98,946.517,-1,0,1,1,10
1052.8,928.988,-1,0,1,1,10
1015.37,946.517,-1,0,1,1,10
794.777,929.055,-1,0,1,1,10
670.266,946.517,-1,0,1,1,10
943.715,940.837,-1,0,1,1,10
987.932,946.517,-1,0,1,1,10
967.185,946.517,-1,0,1,1,10
1070.09,946.517,-1,0,1,1,10
1322.37,946.517,-1,0,1,1,10
699.828,928.716,-1,0,1,1,10
849.815,928.626,-1,0,1,1,10
899.654,934.756,-1,0,1,1,10
940.409,946.517,-1,0,1,1,10
970.716,940.884,-1,0,1,1,10
740.497,928.738,-1,0,1,1,10
602.948,940.939,-1,0,1,1,10
683.128,934.54,-1,0,1,1,10
720.107,940.616,-1,0,1,1,10
1005.06,940.803,-1,0,1,1,10
1018.75,940.768,-1,0,1,1,10
960.531,922.992,-1,0,1,1,10
713.398,928.609,-1,0,1,1,10
626.938,934.886,-1,0,1,1,10
856.573,928.683,-1,0,1,1,10
998.224,940.847,-1,0,1,1,10
960.271,946.517,-1,0,1,1,10
1131.7,922.896,-1,0,1,1,10
909.734,928.808,-1,0,1,1,10
774.301,940.742,-1,0,1,1,10
863.276,928.917,-1,0,1,1,10
1025.67,940.741,-1,0,1,1,10
1008.5,946.517,-1,0,1,1,10
1170.95,930.042,-1,0,1,1,10
1220.72,916.954,-1,0,1,1,10
818.955,946.517,-1,0,1,1,10
953.757,934.92,-1,0,1,1,10
963.909,940.866,-1,0,1,1,10
1042.51,922.998,-1,0,1,1,10
801.614,929.095,-1,0,1,1,10
825.828,934.81,-1,0,1,1,10
733.583,940.705,-1,0,1,1,10
1049.52,946.517,-1,0,1,1,10
1076.88,923.09,-1,0,1,1,10
1111.06,946.517,-1,0,1,1,10
832.716,934.751,-1,0,1,1,10
787.915,940.812,-1,0,1,1,10
655.002,935.139,-1,0,1,1,10
849.539,940.612,-1,0,1,1,10
974.139,946.517,-1,0,1,1,10
1011.93,940.82,-1,0,1,1,10
760.89,928.728,-1,0,1,1,10
924.691,910.238,-1,0,1,1,10
873.184,934.93,-1,0,1,1,10
926.657,934.973,-1,0,1,1,10
1042.77,946.517,-1,0,1,1,10
1049.47,934.909,-1,0,1,1,10
1135.27,916.839,-1,0,1,1,10
926.651,923.042,-1,0,1,1,10
909.849,940.776,-1,0,1,1,10
933.482,934.926,-1,0,1,1,10
1056.2,923.113,-1,0,1,1,10
1046.02,928.953,-1,0,1,1,10
1090.57,923.057,-1,0,1,1,10
1152.07,934.731,-1,0,1,1,10
703.245,934.698,-1,0,1,1,10
1035.74,934.902,-1,0,1,1,10
1056.37,946.517,-1,0,1,1,10
1063.25,946.517,-1,0,1,1,10
1196.35,922.821,-1,0,1,1,10
970.753,917.112,-1,0,1,1,10
950.435,928.94,-1,0,1,1,10
1227.59,940.737,-1,0,1,1,10
1090.56,934.931,-1,0,1,1,10
1056.32,934.893,-1,0,1,1,10
957.204,916.914,-1,0,1,1,10
1028.78,922.886,-1,0,1,1,10
1066.62,940.8,-1,0,1,1,10
1073.48,929.057,-1,0,1,1,10
1179.56,940.683,-1,0,1,1,10
1083.77,946.517,-1,0,1,1,10
801.722,940.78,-1,0,1,1,10
812.022,934.912,-1,0,1,1,10
808.619,940.826,-1,0,1,1,10
923.217,929.001,-1,0,1,1,10
957.128,940.9,-1,0,1,1,10
1015.28,934.874,-1,0,1,1,10
1025.48,928.869,-1,0,1,1,10
864.832,916.577,-1,0,1,1,10
825.845,946.517,-1,0,1,1,10
947.084,934.931,-1,0,1,1,10
1035.86,946.517,-1,0,1,1,10
1073.43,940.804,-1,0,1,1,10
1217.26,934.783,-1,0,1,1,10
720.235,928.613,-1,0,1,1,10
906.362,934.778,-1,0,1,1,10
984.472,940.884,-1,0,1,1,10
994.784,935.01,-1,0,1,1,10
1083.74,934.932,-1,0,1,1,10
1160.66,924.194,-1,0,1,1,10
1145.45,922.827,-1,0,1,1,10
970.783,929.106,-1,0,1,1,10
1042.67,934.875,-1,0,1,1,10
1022.25,946.517,-1,0,1,1,10
1131.58,934.8,-1,0,1,1,10
1163.92,946.517,-1,0,1,1,10
1175.85,934.805,-1,0,1,1,10
757.467,934.839,-1,0,1,1,10
1234.47,940.756,-1,0,1,1,10
1251.9,935,-1,0,1,1,10
1117.84,946.517,-1,0,1,1,10
1241.44,940.776,-1,0,1,1,10
1206.83,928.846,-1,0,1,1,10
1241.51,928.996,-1,0,1,1,10
1151.32,946.517,-1,0,1,1,10
1244.97,934.972,-1,0,1,1,10
1176.52,946.517,-1,0,1,1,10
913.073,922.855,-1,0,1,1,10
843.375,916.381,-1,0,1,1,10
869.849,929.061,-1,0,1,1,10
950.446,940.879,-1,0,1,1,10
974.179,934.993,-1,0,1,1,10
1080.27,929.032,-1,0,1,1,10
834.146,911.126,-1,0,1,1,10
957.14,928.923,-1,0,1,1,10
913.156,934.792,-1,0,1,1,10
998.166,929.062,-1,0,1,1,10
1039.25,940.779,-1,0,1,1,10
963.954,928.999,-1,0,1,1,10
1183.2,946.517,-1,0,1,1,10
1001.53,923.047,-1,0,1,1,10
987.646,911.072,-1,0,1,1,10
1008.52,934.904,-1,0,1,1,10
1128.09,940.653,-1,0,1,1,10
1138.56,922.888,-1,0,1,1,10
1224.14,934.812,-1,0,1,1,10
967.336,923.086,-1,0,1,1,10
1203.47,934.793,-1,0,1,1,10
1111.07,934.842,-1,0,1,1,10
1128.27,928.863,-1,0,1,1,10
1090.53,946.517,-1,0,1,1,10
1021.97,922.88,-1,0,1,1,10
1244.9,946.517,-1,0,1,1,10
1148.76,928.871,-1,0,1,1,10
1100.87,940.759,-1,0,1,1,10
1138.37,934.819,-1,0,1,1,10
1124.63,946.517,-1,0,1,1,10
1224.21,910.922,-1,0,1,1,10
1182.53,922.915,-1,0,1,1,10
1203.59,946.517,-1,0,1,1,10
1141.95,928.818,-1,0,1,1,10
1138.17,946.517,-1,0,1,1,10
1193.27,940.74,-1,0,1,1,10
902.922,928.746,-1,0,1,1,10
791.327,934.942,-1,0,1,1,10
943.612,928.987,-1,0,1,1,10
980.991,935.015,-1,0,1,1,10
984.368,917.182,-1,0,1,1,10
1059.81,940.786,-1,0,1,1,10
860.765,922.511,-1,0,1,1,10
940.238,934.929,-1,0,1,1,10
967.356,935.01,-1,0,1,1,10
960.497,934.966,-1,0,1,1,10
1070.02,934.983,-1,0,1,1,10
1059.67,929.072,-1,0,1,1,10
1196.6,934.804,-1,0,1,1,10
1045.85,917.036,-1,0,1,1,10
1117.9,934.856,-1,0,1,1,10
1080.34,940.812,-1,0,1,1,10
1114.53,929.003,-1,0,1,1,10
1124.8,934.832,-1,0,1,1,10
1287.03,923.382,-1,0,1,1,10
1182.78,934.804,-1,0,1,1,10
1107.64,940.733,-1,0,1,1,10
1052.74,917.086,-1,0,1,1,10
1155.29,940.63,-1,0,1,1,10
1097.35,946.517,-1,0,1,1,10
1162.17,940.33,-1,0,1,1,10
1200.1,940.726,-1,0,1,1,10
1155.68,928.909,-1,0,1,1,10
1255.36,940.908,-1,0,1,1,10
1131.35,946.517,-1,0,1,1,10
1213.92,940.692,-1,0,1,1,10
1227.65,928.848,-1,0,1,1,10
1004.89,916.941,-1,0,1,1,10
1111.12,922.994,-1,0,1,1,10
1083.68,923.016,-1,0,1,1,10
1237.95,946.517,-1,0,1,1,10
1210.39,934.765,-1,0,1,1,10
913.156,910.815,-1,0,1,1,10
689.836,934.663,-1,0,1,1,10
930.07,928.992,-1,0,1,1,10
846.83,922.41,-1,0,1,1,10
1008.37,922.957,-1,0,1,1,10
1052.91,940.804,-1,0,1,1,10
977.594,917.106,-1,0,1,1,10
787.94,928.952,-1,0,1,1,10
1005.01,928.963,-1,0,1,1,10
1022.16,934.885,-1,0,1,1,10
1076.93,946.517,-1,0,1,1,10
1114.45,940.792,-1,0,1,1,10
1167.68,936.166,-1,0,1,1,10
853.808,922.356,-1,0,1,1,10
1063.12,911.145,-1,0,1,1,10
1039.19,928.961,-1,0,1,1,10
1093.99,940.787,-1,0,1,1,10
1087.15,940.738,-1,0,1,1,10
1117.97,922.942,-1,0,1,1,10
1238.01,934.886,-1,0,1,1,10
1063.09,923.169,-1,0,1,1,10
1145.21,934.718,-1,0,1,1,10
1070.02,923.17,-1,0,1,1,10
1121.33,940.765,-1,0,1,1,10
1231.07,934.817,-1,0,1,1,10
1213.73,916.937,-1,0,1,1,10
876.496,928.855,-1,0,1,1,10
1189.72,934.764,-1,0,1,1,10
1172.78,940.762,-1,0,1,1,10
1141.65,940.706,-1,0,1,1,10
1220.7,928.815,-1,0,1,1,10
1152.38,922.927,-1,0,1,1,10
1135.07,928.829,-1,0,1,1,10
1107.65,916.978,-1,0,1,1,10
1206.96,940.692,-1,0,1,1,10
1186.38,940.712,-1,0,1,1,10
895.908,916.641,-1,0,1,1,10
812.01,923.123,-1,0,1,1,10
876.459,940.837,-1,0,1,1,10
943.555,916.84,-1,0,1,1,10
947.025,922.92,-1,0,1,1,10
984.405,929.101,-1,0,1,1,10
974.195,923.144,-1,0,1,1,10
771.543,922.589,-1,0,1,1,10
1001.61,934.949,-1,0,1,1,10
991.319,929.119,-1,0,1,1,10
987.896,935.025,-1,0,1,1,10
994.713,923.098,-1,0,1,1,10
1199.93,928.784,-1,0,1,1,10
940.197,922.967,-1,0,1,1,10
1142.22,916.663,-1,0,1,1,10
1018.64,928.927,-1,0,1,1,10
1076.87,934.934,-1,0,1,1,10
1104.23,946.517,-1,0,1,1,10
1179.2,928.911,-1,0,1,1,10
1052.8,905.039,-1,0,1,1,10
1035.67,922.937,-1,0,1,1,10
1032.29,928.922,-1,0,1,1,10
1066.57,929.116,-1,0,1,1,10
1134.85,940.708,-1,0,1,1,10
923.256,917,-1,0,1,1,10
1093.95,917.034,-1,0,1,1,10
991.228,917.07,-1,0,1,1,10
1059.63,917.143,-1,0,1,1,10
1121.43,928.903,-1,0,1,1,10
1148.49,940.664,-1,0,1,1,10
825.907,922.941,-1,0,1,1,10
1097.41,934.865,-1,0,1,1,10
1087.16,928.982,-1,0,1,1,10
987.832,923.135,-1,0,1,1,10
1066.56,917.166,-1,0,1,1,10
1210.47,946.517,-1,0,1,1,10
227,783,-1,38,4.7,11,12
456,611,-1,38,4.7,11,12
634,467,-1,38,4.7,11,12
888,440,-1,38,4.7,11,12
1114,446,-1,38,4.7,11,12
1342,821,1,150,1,11,10
1133,814,1,150,1,11,10
912,790,1,150,1,11,10
54,372,-1,0,0.1,2,10
54,373,-1,0,0.1,2,10
54,375,-1,0,0.1,2,10
54,378,-1,0,0.1,2,10
54,382,-1,0,0.1,2,10
55,385,-1,0,0.1,2,10
55,389,-1,0,0.1,2,10
55,393,-1,0,0.1,2,10
56,397,-1,0,0.1,2,10
56,401,-1,0,0.1,2,10
57,405,-1,0,0.1,2,10
57,410,-1,0,0.1,2,10
58,414,-1,0,0.1,2,10
59,419,-1,0,0.1,2,10
59,424,-1,0,0.1,2,10
60,429,-1,0,0.1,2,10
60,433,-1,0,0.1,2,10
61,437,-1,0,0.1,2,10
62,442,-1,0,0.1,2,10
63,446,-1,0,0.1,2,10
64,451,-1,0,0.1,2,10
65,455,-1,0,0.1,2,10
67,459,-1,0,0.1,2,10
69,464,-1,0,0.1,2,10
73,467,-1,0,0.1,2,10
77,470,-1,0,0.1,2,10
83,472,-1,0,0.1,2,10
88,473,-1,0,0.1,2,10
94,473,-1,0,0.1,2,10
102,474,-1,0,0.1,2,10
110,475,-1,0,0.1,2,10
119,476,-1,0,0.1,2,10
129,477,-1,0,0.1,2,10
138,477,-1,0,0.1,2,10
146,477,-1,0,0.1,2,10
154,477,-1,0,0.1,2,10
161,477,-1,0,0.1,2,10
167,477,-1,0,0.1,2,10
174,477,-1,0,0.1,2,10
180,477,-1,0,0.1,2,10
186,477,-1,0,0.1,2,10
192,476,-1,0,0.1,2,10
198,475,-1,0,0.1,2,10
204,475,-1,0,0.1,2,10
210,475,-1,0,0.1,2,10
215,474,-1,0,0.1,2,10
220,474,-1,0,0.1,2,10
223,474,-1,0,0.1,2,10
227,474,-1,0,0.1,2,10
232,474,-1,0,0.1,2,10
238,474,-1,0,0.1,2,10
245,473,-1,0,0.1,2,10
250,473,-1,0,0.1,2,10
255,473,-1,0,0.1,2,10
260,472,-1,0,0.1,2,10
262,472,-1,0,0.1,2,10
266,472,-1,0,0.1,2,10
272,472,-1,0,0.1,2,10
279,471,-1,0,0.1,2,10
285,471,-1,0,0.1,2,10
290,470,-1,0,0.1,2,10
294,469,-1,0,0.1,2,10
298,468,-1,0,0.1,2,10
303,467,-1,0,0.1,2,10
309,466,-1,0,0.1,2,10
316,464,-1,0,0.1,2,10
322,463,-1,0,0.1,2,10
328,461,-1,0,0.1,2,10
333,460,-1,0,0.1,2,10
336,459,-1,0,0.1,2,10
340,457,-1,0,0.1,2,10
345,456,-1,0,0.1,2,10
350,454,-1,0,0.1,2,10
353,453,-1,0,0.1,2,10
356,451,-1,0,0.1,2,10
359,449,-1,0,0.1,2,10
362,447,-1,0,0.1,2,10
366,444,-1,0,0.1,2,10
368,442,-1,0,0.1,2,10
370,441,-1,0,0.1,2,10
373,438,-1,0,0.1,2,10
376,435,-1,0,0.1,2,10
379,433,-1,0,0.1,2,10
382,430,-1,0,0.1,2,10
384,429,-1,0,0.1,2,10
386,427,-1,0,0.1,2,10
387,426,-1,0,0.1,2,10
388,424,-1,0,0.1,2,10
389,422,-1,0,0.1,2,10
390,421,-1,0,0.1,2,10
391,419,-1,0,0.1,2,10
392,417,-1,0,0.1,2,10
393,415,-1,0,0.1,2,10
394,414,-1,0,0.1,2,10
395,412,-1,0,0.1,2,10
396,411,-1,0,0.1,2,10
396,409,-1,0,0.1,2,10
397,408,-1,0,0.1,2,10
397,407,-1,0,0.1,2,10
398,406,-1,0,0.1,2,10
398,404,-1,0,0.1,2,10
399,404,-1,0,0.1,2,10
399,403,-1,0,0.1,2,10
399,403,-1,0,0.1,2,10
399,403,-1,0,0.1,2,10
399,403,-1,0,0.1,2,10
399,403,-1,0,0.1,2,10
399,402,-1,0,0.1,2,10
399,402,-1,0,0.1,2,10
399,402,-1,0,0.1,2,10
399,402,-1,0,0.1,2,10
400,402,-1,0,0.1,2,10
400,402,-1,0,0.1,2,10
400,402,-1,0,0.1,2,10
400,401,-1,0,0.1,2,10
401,400,-1,0,0.1,2,10
401,399,-1,0,0.1,2,10
402,398,-1,0,0.1,2,10
402,397,-1,0,0.1,2,10
403,396,-1,0,0.1,2,10
403,396,-1,0,0.1,2,10
403,396,-1,0,0.1,2,10
403,396,-1,0,0.1,2,10
403,396,-1,0,0.1,2,10
403,396,-1,0,0.1,2,10
403,396,-1,0,0.1,2,10
403,396,-1,0,0.1,2,10
403,396,-1,0,0.1,2,10
403,396,-1,0,0.1,2,10
403,396,-1,0,0.1,2,10
403,395,-1,0,0.1,2,10
404,394,-1,0,0.1,2,10
405,393,-1,0,0.1,2,10
405,393,-1,0,0.1,2,10
406,392,-1,0,0.1,2,10
406,392,-1,0,0.1,2,10
406,392,-1,0,0.1,2,10
406,392,-1,0,0.1,2,10
406,392,-1,0,0.1,2,10
406,391,-1,0,0.1,2,10
406,391,-1,0,0.1,2,10
406,391,-1,0,0.1,2,10
406,391,-1,0,0.1,2,10
406,391,-1,0,0.1,2,10
406,391,-1,0,0.1,2,10
407,391,-1,0,0.1,2,10
407,391,-1,0,0.1,2,10
407,391,-1,0,0.1,2,10
407,391,-1,0,0.1,2,10
407,391,-1,0,0.1,2,10
407,391,-1,0,0.1,2,10
407,391,-1,0,0.1,2,10
407,391,-1,0,0.1,2,10
407,391,-1,0,0.1,2,10
407,391,-1,0,0.1,2,10
407,391,-1,0,0.1,2,10
407,390,-1,0,0.1,2,10
407,390,-1,0,0.1,2,10
407,390,-1,0,0.1,2,10
407,390,-1,0,0.1,2,10
408,390,-1,0,0.1,2,10
408,390,-1,0,0.1,2,10
408,390,-1,0,0.1,2,10
408,390,-1,0,0.1,2,10
408,390,-1,0,0.1,2,10
408,390,-1,0,0.1,2,10
408,390,-1,0,0.1,2,10
408,390,-1,0,0.1,2,10
408,390,-1,0,0.1,2,10
408,390,-1,0,0.1,2,10
408,390,-1,0,0.1,2,10
408,390,-1,0,0.1,2,10
112,444,-1,0,0.8,3,10
112,444,-1,0,0.8,3,10
113,444,-1,0,0.8,3,10
113,443,-1,0,0.8,3,10
114,443,-1,0,0.8,3,10
115,442,-1,0,0.8,3,10
116,442,-1,0,0.8,3,10
119,441,-1,0,0.8,3,10
123,441,-1,0,0.8,3,10
127,440,-1,0,0.8,3,10
132,439,-1,0,0.8,3,10
137,439,-1,0,0.8,3,10
142,438,-1,0,0.8,3,10
146,438,-1,0,0.8,3,10
152,438,-1,0,0.8,3,10
159,438,-1,0,0.8,3,10
167,438,-1,0,0.8,3,10
175,438,-1,0,0.8,3,10
184,438,-1,0,0.8,3,10
192,438,-1,0,0.8,3,10
201,438,-1,0,0.8,3,10
210,438,-1,0,0.8,3,10
219,437,-1,0,0.8,3,10
228,437,-1,0,0.8,3,10
238,437,-1,0,0.8,3,10
247,436,-1,0,0.8,3,10
256,436,-1,0,0.8,3,10
265,436,-1,0,0.8,3,10
273,436,-1,0,0.8,3,10
279,435,-1,0,0.8,3,10
286,435,-1,0,0.8,3,10
293,434,-1,0,0.8,3,10
298,434,-1,0,0.8,3,10
301,434,-1,0,0.8,3,10
305,434,-1,0,0.8,3,10
310,434,-1,0,0.8,3,10
316,434,-1,0,0.8,3,10
320,434,-1,0,0.8,3,10
324,434,-1,0,0.8,3,10
327,434,-1,0,0.8,3,10
328,434,-1,0,0.8,3,10
330,434,-1,0,0.8,3,10
331,434,-1,0,0.8,3,10
332,434,-1,0,0.8,3,10
334,433,-1,0,0.8,3,10
335,432,-1,0,0.8,3,10
335,431,-1,0,0.8,3,10
336,430,-1,0,0.8,3,10
337,428,-1,0,0.8,3,10
337,424,-1,0,0.8,3,10
337,422,-1,0,0.8,3,10
336,419,-1,0,0.8,3,10
333,417,-1,0,0.8,3,10
330,415,-1,0,0.8,3,10
327,414,-1,0,0.8,3,10
323,413,-1,0,0.8,3,10
319,412,-1,0,0.8,3,10
315,412,-1,0,0.8,3,10
310,411,-1,0,0.8,3,10
302,411,-1,0,0.8,3,10
295,410,-1,0,0.8,3,10
286,410,-1,0,0.8,3,10
279,409,-1,0,0.8,3,10
270,409,-1,0,0.8,3,10
262,409,-1,0,0.8,3,10
254,409,-1,0,0.8,3,10
246,409,-1,0,0.8,3,10
237,409,-1,0,0.8,3,10
229,409,-1,0,0.8,3,10
221,409,-1,0,0.8,3,10
213,409,-1,0,0.8,3,10
206,408,-1,0,0.8,3,10
199,408,-1,0,0.8,3,10
193,408,-1,0,0.8,3,10
186,408,-1,0,0.8,3,10
179,408,-1,0,0.8,3,10
170,408,-1,0,0.8,3,10
162,408,-1,0,0.8,3,10
155,408,-1,0,0.8,3,10
146,408,-1,0,0.8,3,10
136,408,-1,0,0.8,3,10
127,408,-1,0,0.8,3,10
119,408,-1,0,0.8,3,10
115,408,-1,0,0.8,3,10
114,408,-1,0,0.8,3,10
113,408,-1,0,0.8,3,10
112,408,-1,0,0.8,3,10
111,409,-1,0,0.8,3,10
109,409,-1,0,0.8,3,10
107,410,-1,0,0.8,3,10
106,411,-1,0,0.8,3,10
106,412,-1,0,0.8,3,10
105,412,-1,0,0.8,3,10
105,412,-1,0,0.8,3,10
105,413,-1,0,0.8,3,10
105,413,-1,0,0.8,3,10
105,413,-1,0,0.8,3,10
105,414,-1,0,0.8,3,10
106,416,-1,0,0.8,3,10
109,418,-1,0,0.8,3,10
113,419,-1,0,0.8,3,10
116,420,-1,0,0.8,3,10
120,422,-1,0,0.8,3,10
126,423,-1,0,0.8,3,10
134,423,-1,0,0.8,3,10
143,423,-1,0,0.8,3,10
150,423,-1,0,0.8,3,10
158,422,-1,0,0.8,3,10
166,422,-1,0,0.8,3,10
175,421,-1,0,0.8,3,10
183,421,-1,0,0.8,3,10
192,420,-1,0,0.8,3,10
199,420,-1,0,0.8,3,10
204,420,-1,0,0.8,3,10
209,420,-1,0,0.8,3,10
215,421,-1,0,0.8,3,10
220,422,-1,0,0.8,3,10
226,422,-1,0,0.8,3,10
233,423,-1,0,0.8,3,10
240,424,-1,0,0.8,3,10
246,425,-1,0,0.8,3,10
252,425,-1,0,0.8,3,10
258,426,-1,0,0.8,3,10
265,427,-1,0,0.8,3,10
271,427,-1,0,0.8,3,10
277,427,-1,0,0.8,3,10
282,427,-1,0,0.8,3,10
286,427,-1,0,0.8,3,10
289,427,-1,0,0.8,3,10
293,427,-1,0,0.8,3,10
296,427,-1,0,0.8,3,10
299,428,-1,0,0.8,3,10
301,428,-1,0,0.8,3,10
302,428,-1,0,0.8,3,10
303,428,-1,0,0.8,3,10
303,428,-1,0,0.8,3,10
303,428,-1,0,0.8,3,10
303,428,-1,0,0.8,3,10
303,428,-1,0,0.8,3,10
303,428,-1,0,0.8,3,10
303,428,-1,0,0.8,3,10
303,428,-1,0,0.8,3,10
