511,674,-1,0,0.1,2,10
511,674,-1,0,0.1,2,10
511,674,-1,0,0.1,2,10
511,674,-1,0,0.1,2,10
512,674,-1,0,0.1,2,10
512,678,-1,0,0.1,2,10
513,681,-1,0,0.1,2,10
514,687,-1,0,0.1,2,10
514,695,-1,0,0.1,2,10
516,703,-1,0,0.1,2,10
517,712,-1,0,0.1,2,10
519,718,-1,0,0.1,2,10
520,725,-1,0,0.1,2,10
521,731,-1,0,0.1,2,10
522,737,-1,0,0.1,2,10
523,742,-1,0,0.1,2,10
524,747,-1,0,0.1,2,10
525,752,-1,0,0.1,2,10
526,757,-1,0,0.1,2,10
527,762,-1,0,0.1,2,10
527,767,-1,0,0.1,2,10
528,772,-1,0,0.1,2,10
529,776,-1,0,0.1,2,10
529,780,-1,0,0.1,2,10
530,785,-1,0,0.1,2,10
530,789,-1,0,0.1,2,10
531,793,-1,0,0.1,2,10
531,798,-1,0,0.1,2,10
532,802,-1,0,0.1,2,10
532,806,-1,0,0.1,2,10
533,810,-1,0,0.1,2,10
533,814,-1,0,0.1,2,10
533,818,-1,0,0.1,2,10
534,823,-1,0,0.1,2,10
534,827,-1,0,0.1,2,10
534,830,-1,0,0.1,2,10
534,833,-1,0,0.1,2,10
534,835,-1,0,0.1,2,10
534,837,-1,0,0.1,2,10
535,838,-1,0,0.1,2,10
535,838,-1,0,0.1,2,10
537,839,-1,0,0.1,2,10
540,840,-1,0,0.1,2,10
546,841,-1,0,0.1,2,10
556,842,-1,0,0.1,2,10
568,844,-1,0,0.1,2,10
583,845,-1,0,0.1,2,10
596,846,-1,0,0.1,2,10
609,846,-1,0,0.1,2,10
620,847,-1,0,0.1,2,10
630,848,-1,0,0.1,2,10
639,848,-1,0,0.1,2,10
646,848,-1,0,0.1,2,10
652,848,-1,0,0.1,2,10
659,848,-1,0,0.1,2,10
669,848,-1,0,0.1,2,10
681,848,-1,0,0.1,2,10
693,848,-1,0,0.1,2,10
704,848,-1,0,0.1,2,10
715,848,-1,0,0.1,2,10
725,848,-1,0,0.1,2,10
733,848,-1,0,0.1,2,10
741,848,-1,0,0.1,2,10
749,849,-1,0,0.1,2,10
757,849,-1,0,0.1,2,10
764,849,-1,0,0.1,2,10
770,849,-1,0,0.1,2,10
776,850,-1,0,0.1,2,10
783,850,-1,0,0.1,2,10
789,850,-1,0,0.1,2,10
794,851,-1,0,0.1,2,10
799,851,-1,0,0.1,2,10
803,851,-1,0,0.1,2,10
810,851,-1,0,0.1,2,10
818,852,-1,0,0.1,2,10
826,853,-1,0,0.1,2,10
833,853,-1,0,0.1,2,10
838,854,-1,0,0.1,2,10
841,854,-1,0,0.1,2,10
842,854,-1,0,0.1,2,10
842,854,-1,0,0.1,2,10
842,854,-1,0,0.1,2,10
842,854,-1,0,0.1,2,10
842,854,-1,0,0.1,2,10
842,853,-1,0,0.1,2,10
843,851,-1,0,0.1,2,10
844,847,-1,0,0.1,2,10
846,842,-1,0,0.1,2,10
847,838,-1,0,0.1,2,10
848,835,-1,0,0.1,2,10
849,832,-1,0,0.1,2,10
849,829,-1,0,0.1,2,10
850,826,-1,0,0.1,2,10
850,824,-1,0,0.1,2,10
851,821,-1,0,0.1,2,10
851,819,-1,0,0.1,2,10
851,817,-1,0,0.1,2,10
852,815,-1,0,0.1,2,10
852,812,-1,0,0.1,2,10
853,808,-1,0,0.1,2,10
853,805,-1,0,0.1,2,10
854,801,-1,0,0.1,2,10
854,796,-1,0,0.1,2,10
855,792,-1,0,0.1,2,10
855,788,-1,0,0.1,2,10
856,784,-1,0,0.1,2,10
856,780,-1,0,0.1,2,10
857,776,-1,0,0.1,2,10
857,772,-1,0,0.1,2,10
857,769,-1,0,0.1,2,10
858,766,-1,0,0.1,2,10
858,762,-1,0,0.1,2,10
858,760,-1,0,0.1,2,10
858,758,-1,0,0.1,2,10
858,757,-1,0,0.1,2,10
858,755,-1,0,0.1,2,10
858,754,-1,0,0.1,2,10
858,753,-1,0,0.1,2,10
858,752,-1,0,0.1,2,10
858,752,-1,0,0.1,2,10
858,752,-1,0,0.1,2,10
858,752,-1,0,0.1,2,10
858,752,-1,0,0.1,2,10
858,752,-1,0,0.1,2,10
858,752,-1,0,0.1,2,10
858,752,-1,0,0.1,2,10
858,752,-1,0,0.1,2,10
858,752,-1,0,0.1,2,10
858,752,-1,0,0.1,2,10
858,752,-1,0,0.1,2,10
858,752,-1,0,0.1,2,10
858,752,-1,0,0.1,2,10
586.551,832.477,-1,0,1,1,10
597.054,827.329,-1,0,1,1,10
579.747,832.216,-1,0,1,1,10
691.835,829.44,-1,0,1,1,10
817.627,815.88,-1,0,1,1,10
837.824,818.214,-1,0,1,1,10
821.641,810.306,-1,0,1,1,10
800.109,820.434,-1,0,1,1,10
820.39,821.996,-1,0,1,1,10
590.912,814.989,-1,0,1,1,10
573.826,819.805,-1,0,1,1,10
559.324,829.453,-1,0,1,1,10
614.381,822.23,-1,0,1,1,10
658.344,829.334,-1,0,1,1,10
593.33,833.075,-1,0,1,1,10
702.062,811.572,-1,0,1,1,10
828.485,810.953,-1,0,1,1,10
668.395,835.117,-1,0,1,1,10
555.671,823.452,-1,0,1,1,10
572.917,831.756,-1,0,1,1,10
576.721,826.08,-1,0,1,1,10
553.033,829.446,-1,0,1,1,10
840.6,799.8,-1,0,1,1,10
712.085,829.383,-1,0,1,1,10
815.672,839.084,-1,0,1,1,10
776.627,813.066,-1,0,1,1,10
823.21,828.164,-1,0,1,1,10
593.992,821.183,-1,0,1,1,10
587.309,820.747,-1,0,1,1,10
566.004,830.95,-1,0,1,1,10
648.184,823.437,-1,0,1,1,10
722.137,835.239,-1,0,1,1,10
661.78,835.2,-1,0,1,1,10
546.97,827.787,-1,0,1,1,10
815.791,797.836,-1,0,1,1,10
671.778,829.452,-1,0,1,1,10
607.58,821.873,-1,0,1,1,10
570.119,825.444,-1,0,1,1,10
580.48,820.348,-1,0,1,1,10
606.968,833.338,-1,0,1,1,10
641.379,835.178,-1,0,1,1,10
590.363,826.932,-1,0,1,1,10
563.365,824.61,-1,0,1,1,10
778.958,830.964,-1,0,1,1,10
825.755,804.724,-1,0,1,1,10
624.427,828.747,-1,0,1,1,10
620.704,834.124,-1,0,1,1,10
634.446,835.381,-1,0,1,1,10
749.154,823.789,-1,0,1,1,10
583.491,826.48,-1,0,1,1,10
675.054,835.983,-1,0,1,1,10
813.704,821.407,-1,0,1,1,10
807.864,809.179,-1,0,1,1,10
832.697,805.519,-1,0,1,1,10
600.733,821.539,-1,0,1,1,10
655.061,835.219,-1,0,1,1,10
715.51,823.441,-1,0,1,1,10
648.307,811.41,-1,0,1,1,10
600.186,833.447,-1,0,1,1,10
718.788,829.278,-1,0,1,1,10
695.213,823.537,-1,0,1,1,10
685.28,829.439,-1,0,1,1,10
831.109,817.253,-1,0,1,1,10
631.126,829.246,-1,0,1,1,10
648.188,835.144,-1,0,1,1,10
627.962,823.064,-1,0,1,1,10
584.258,814.559,-1,0,1,1,10
552.773,817.2,-1,0,1,1,10
681.748,835.147,-1,0,1,1,10
827.062,822.742,-1,0,1,1,10
801.901,796.782,-1,0,1,1,10
829.586,828.851,-1,0,1,1,10
547.292,821.248,-1,0,1,1,10
665.03,829.314,-1,0,1,1,10
627.449,834.986,-1,0,1,1,10
637.911,829.394,-1,0,1,1,10
661.674,823.423,-1,0,1,1,10
728.815,835.334,-1,0,1,1,10
809.819,826.93,-1,0,1,1,10
675.146,823.527,-1,0,1,1,10
735.47,835.182,-1,0,1,1,10
708.756,811.535,-1,0,1,1,10
651.58,829.313,-1,0,1,1,10
678.387,829.5,-1,0,1,1,10
567.148,819.171,-1,0,1,1,10
688.496,835.509,-1,0,1,1,10
728.887,823.395,-1,0,1,1,10
824.341,816.485,-1,0,1,1,10
819.491,833.735,-1,0,1,1,10
829.35,840.394,-1,0,1,1,10
621.212,822.64,-1,0,1,1,10
644.776,829.289,-1,0,1,1,10
681.791,823.578,-1,0,1,1,10
803.02,826.43,-1,0,1,1,10
641.458,823.416,-1,0,1,1,10
654.947,823.427,-1,0,1,1,10
805.828,791.045,-1,0,1,1,10
800.991,808.702,-1,0,1,1,10
808.854,797.288,-1,0,1,1,10
628.379,811.012,-1,0,1,1,10
708.738,835.545,-1,0,1,1,10
695.248,835.196,-1,0,1,1,10
792.437,831.709,-1,0,1,1,10
725.465,829.375,-1,0,1,1,10
808.898,838.298,-1,0,1,1,10
794.108,808.215,-1,0,1,1,10
839.645,806.594,-1,0,1,1,10
833.833,823.416,-1,0,1,1,10
671.79,817.502,-1,0,1,1,10
668.395,823.451,-1,0,1,1,10
722.281,811.399,-1,0,1,1,10
775.308,836.756,-1,0,1,1,10
762.441,824.292,-1,0,1,1,10
786.47,819.552,-1,0,1,1,10
826.274,834.29,-1,0,1,1,10
795.365,837.884,-1,0,1,1,10
790.257,813.879,-1,0,1,1,10
752.221,829.86,-1,0,1,1,10
685.216,817.556,-1,0,1,1,10
715.449,835.054,-1,0,1,1,10
688.59,823.486,-1,0,1,1,10
812.745,833.012,-1,0,1,1,10
755.198,835.972,-1,0,1,1,10
772.351,830.618,-1,0,1,1,10
835.351,811.904,-1,0,1,1,10
803.952,814.792,-1,0,1,1,10
783.428,813.488,-1,0,1,1,10
722.202,823.432,-1,0,1,1,10
781.914,836.995,-1,0,1,1,10
814.781,809.708,-1,0,1,1,10
806.848,820.966,-1,0,1,1,10
788.757,837.147,-1,0,1,1,10
810.806,815.323,-1,0,1,1,10
836.014,829.595,-1,0,1,1,10
816.591,827.539,-1,0,1,1,10
610.683,827.734,-1,0,1,1,10
560.285,818.592,-1,0,1,1,10
755.742,824.066,-1,0,1,1,10
648.433,799.223,-1,0,1,1,10
785.665,831.314,-1,0,1,1,10
748.687,835.77,-1,0,1,1,10
772.922,818.799,-1,0,1,1,10
833.922,835.923,-1,0,1,1,10
799.086,832.035,-1,0,1,1,10
732.157,829.381,-1,0,1,1,10
702,823.514,-1,0,1,1,10
758.777,830.025,-1,0,1,1,10
793.255,819.951,-1,0,1,1,10
796.315,826.053,-1,0,1,1,10
768.64,836.162,-1,0,1,1,10
797.102,814.325,-1,0,1,1,10
802.175,837.999,-1,0,1,1,10
822.503,839.841,-1,0,1,1,10
603.817,827.527,-1,0,1,1,10
557.591,812.385,-1,0,1,1,10
702.002,835.195,-1,0,1,1,10
779.688,819.112,-1,0,1,1,10
804.906,802.997,-1,0,1,1,10
742.037,835.148,-1,0,1,1,10
797.993,802.496,-1,0,1,1,10
780.355,807.308,-1,0,1,1,10
745.674,829.534,-1,0,1,1,10
545.764,806.526,-1,0,1,1,10
718.911,817.439,-1,0,1,1,10
641.688,811.385,-1,0,1,1,10
551.46,810.342,-1,0,1,1,10
735.574,823.436,-1,0,1,1,10
698.589,829.3,-1,0,1,1,10
805.943,832.347,-1,0,1,1,10
761.846,836.071,-1,0,1,1,10
789.505,825.678,-1,0,1,1,10
560.52,806.208,-1,0,1,1,10
708.79,823.459,-1,0,1,1,10
658.329,817.472,-1,0,1,1,10
759.349,818.234,-1,0,1,1,10
752.669,817.943,-1,0,1,1,10
725.575,817.408,-1,0,1,1,10
775.965,824.894,-1,0,1,1,10
765.487,830.285,-1,0,1,1,10
782.718,825.263,-1,0,1,1,10
654.991,811.441,-1,0,1,1,10
591.661,802.853,-1,0,1,1,10
742.428,823.551,-1,0,1,1,10
766.125,818.493,-1,0,1,1,10
756.19,812.069,-1,0,1,1,10
745.93,817.728,-1,0,1,1,10
787.215,807.737,-1,0,1,1,10
769.203,824.568,-1,0,1,1,10
738.859,829.316,-1,0,1,1,10
625.269,804.864,-1,0,1,1,10
691.886,817.518,-1,0,1,1,10
712.174,817.484,-1,0,1,1,10
678.447,817.563,-1,0,1,1,10
665.066,817.478,-1,0,1,1,10
705.429,829.433,-1,0,1,1,10
705.433,817.482,-1,0,1,1,10
749.465,811.817,-1,0,1,1,10
732.341,817.453,-1,0,1,1,10
570.841,813.49,-1,0,1,1,10
613.837,833.856,-1,0,1,1,10
564.179,812.974,-1,0,1,1,10
705.401,805.531,-1,0,1,1,10
766.668,806.48,-1,0,1,1,10
644.884,817.444,-1,0,1,1,10
665.07,805.36,-1,0,1,1,10
762.978,812.364,-1,0,1,1,10
651.607,817.423,-1,0,1,1,10
578.155,801.869,-1,0,1,1,10
546.232,814.583,-1,0,1,1,10
597.646,815.39,-1,0,1,1,10
551.549,796.556,-1,0,1,1,10
638.425,805.177,-1,0,1,1,10
634.962,811.181,-1,0,1,1,10
769.807,812.686,-1,0,1,1,10
818.829,804.028,-1,0,1,1,10
681.82,811.544,-1,0,1,1,10
581.116,808.197,-1,0,1,1,10
594.62,809.174,-1,0,1,1,10
631.49,817.164,-1,0,1,1,10
617.551,828.166,-1,0,1,1,10
618.025,816.524,-1,0,1,1,10
634.658,823.332,-1,0,1,1,10
668.438,811.449,-1,0,1,1,10
811.857,803.492,-1,0,1,1,10
638.19,817.362,-1,0,1,1,10
571.44,801.349,-1,0,1,1,10
577.575,814.075,-1,0,1,1,10
604.425,815.781,-1,0,1,1,10
681.613,799.273,-1,0,1,1,10
574.342,807.657,-1,0,1,1,10
587.889,808.71,-1,0,1,1,10
675.155,811.507,-1,0,1,1,10
773.509,806.871,-1,0,1,1,10
621.67,810.679,-1,0,1,1,10
678.537,805.456,-1,0,1,1,10
567.433,806.995,-1,0,1,1,10
601.369,809.603,-1,0,1,1,10
668.437,799.279,-1,0,1,1,10
608.113,809.921,-1,0,1,1,10
624.773,816.872,-1,0,1,1,10
712.078,805.407,-1,0,1,1,10
791.877,790.007,-1,0,1,1,10
777.264,801.067,-1,0,1,1,10
564.598,800.616,-1,0,1,1,10
551.948,803.519,-1,0,1,1,10
611.242,816.119,-1,0,1,1,10
598.299,803.348,-1,0,1,1,10
568.727,794.97,-1,0,1,1,10
631.81,804.953,-1,0,1,1,10
658.439,805.31,-1,0,1,1,10
618.602,804.445,-1,0,1,1,10
661.674,811.429,-1,0,1,1,10
605.039,803.726,-1,0,1,1,10
545.268,799.61,-1,0,1,1,10
584.944,802.386,-1,0,1,1,10
781.047,795.247,-1,0,1,1,10
784.135,801.524,-1,0,1,1,10
715.521,811.44,-1,0,1,1,10
688.578,799.333,-1,0,1,1,10
798.859,790.509,-1,0,1,1,10
739.152,817.576,-1,0,1,1,10
557.728,799.823,-1,0,1,1,10
614.926,810.33,-1,0,1,1,10
685.177,805.426,-1,0,1,1,10
651.773,805.322,-1,0,1,1,10
601.766,797.343,-1,0,1,1,10
688.545,811.511,-1,0,1,1,10
838.154,793.275,-1,0,1,1,10
794.961,796.26,-1,0,1,1,10
742.717,811.638,-1,0,1,1,10
611.856,804.071,-1,0,1,1,10
671.781,805.394,-1,0,1,1,10
615.64,798.177,-1,0,1,1,10
791.072,802.014,-1,0,1,1,10
691.921,805.434,-1,0,1,1,10
698.641,817.551,-1,0,1,1,10
735.91,811.516,-1,0,1,1,10
698.732,805.465,-1,0,1,1,10
695.32,811.493,-1,0,1,1,10
622.593,798.467,-1,0,1,1,10
561.803,794.199,-1,0,1,1,10
718.898,805.371,-1,0,1,1,10
821.353,793.667,-1,0,1,1,10
746.242,805.613,-1,0,1,1,10
752.986,805.885,-1,0,1,1,10
833.753,798.678,-1,0,1,1,10
763.436,800.244,-1,0,1,1,10
759.842,806.189,-1,0,1,1,10
608.701,797.826,-1,0,1,1,10
645.045,805.289,-1,0,1,1,10
708.449,799.306,-1,0,1,1,10
715.404,799.323,-1,0,1,1,10
732.582,805.414,-1,0,1,1,10
725.733,805.343,-1,0,1,1,10
1446.5,946.517,-1,0,1,1,10
826.849,797.902,-1,0,1,1,10
812.81,791.544,-1,0,1,1,10
695.537,799.31,-1,0,1,1,10
722.329,799.288,-1,0,1,1,10
729.273,799.333,-1,0,1,1,10
736.233,799.418,-1,0,1,1,10
739.443,805.565,-1,0,1,1,10
729.059,811.424,-1,0,1,1,10
756.493,799.908,-1,0,1,1,10
787.999,795.764,-1,0,1,1,10
770.375,800.614,-1,0,1,1,10
533,439,-1,0,0.1,2,10
533,442,-1,0,0.1,2,10
534,448,-1,0,0.1,2,10
535,455,-1,0,0.1,2,10
537,463,-1,0,0.1,2,10
539,471,-1,0,0.1,2,10
541,479,-1,0,0.1,2,10
542,485,-1,0,0.1,2,10
544,490,-1,0,0.1,2,10
545,497,-1,0,0.1,2,10
546,502,-1,0,0.1,2,10
548,508,-1,0,0.1,2,10
549,515,-1,0,0.1,2,10
551,522,-1,0,0.1,2,10
553,529,-1,0,0.1,2,10
554,536,-1,0,0.1,2,10
556,544,-1,0,0.1,2,10
559,554,-1,0,0.1,2,10
562,563,-1,0,0.1,2,10
564,573,-1,0,0.1,2,10
567,582,-1,0,0.1,2,10
569,593,-1,0,0.1,2,10
572,604,-1,0,0.1,2,10
574,615,-1,0,0.1,2,10
576,624,-1,0,0.1,2,10
579,632,-1,0,0.1,2,10
581,638,-1,0,0.1,2,10
583,645,-1,0,0.1,2,10
585,652,-1,0,0.1,2,10
586,657,-1,0,0.1,2,10
587,661,-1,0,0.1,2,10
589,665,-1,0,0.1,2,10
589,668,-1,0,0.1,2,10
590,669,-1,0,0.1,2,10
590,670,-1,0,0.1,2,10
590,670,-1,0,0.1,2,10
724,677,-1,0,0.1,2,10
724,677,-1,0,0.1,2,10
725,673,-1,0,0.1,2,10
729,665,-1,0,0.1,2,10
733,656,-1,0,0.1,2,10
737,646,-1,0,0.1,2,10
741,636,-1,0,0.1,2,10
745,627,-1,0,0.1,2,10
750,615,-1,0,0.1,2,10
755,603,-1,0,0.1,2,10
761,591,-1,0,0.1,2,10
765,581,-1,0,0.1,2,10
770,571,-1,0,0.1,2,10
773,562,-1,0,0.1,2,10
776,554,-1,0,0.1,2,10
780,546,-1,0,0.1,2,10
783,538,-1,0,0.1,2,10
787,528,-1,0,0.1,2,10
791,517,-1,0,0.1,2,10
795,508,-1,0,0.1,2,10
799,498,-1,0,0.1,2,10
803,487,-1,0,0.1,2,10
806,477,-1,0,0.1,2,10
809,470,-1,0,0.1,2,10
812,464,-1,0,0.1,2,10
815,458,-1,0,0.1,2,10
816,453,-1,0,0.1,2,10
818,448,-1,0,0.1,2,10
820,443,-1,0,0.1,2,10
822,436,-1,0,0.1,2,10
824,432,-1,0,0.1,2,10
826,428,-1,0,0.1,2,10
828,422,-1,0,0.1,2,10
831,416,-1,0,0.1,2,10
832,412,-1,0,0.1,2,10
833,409,-1,0,0.1,2,10
834,406,-1,0,0.1,2,10
835,403,-1,0,0.1,2,10
836,400,-1,0,0.1,2,10
837,397,-1,0,0.1,2,10
838,395,-1,0,0.1,2,10
838,393,-1,0,0.1,2,10
839,391,-1,0,0.1,2,10
839,390,-1,0,0.1,2,10
839,389,-1,0,0.1,2,10
839,388,-1,0,0.1,2,10
839,388,-1,0,0.1,2,10
570,449,1,0,0.1,8,10
570,449,1,0,0.1,8,10
570,449,1,0,0.1,8,10
570,449,1,0,0.1,8,10
570,449,1,0,0.1,8,10
569,452,1,0,0.1,8,10
568,456,1,0,0.1,8,10
568,459,1,0,0.1,8,10
568,463,1,0,0.1,8,10
568,467,1,0,0.1,8,10
569,471,1,0,0.1,8,10
570,475,1,0,0.1,8,10
571,478,1,0,0.1,8,10
571,481,1,0,0.1,8,10
572,483,1,0,0.1,8,10
572,488,1,0,0.1,8,10
572,493,1,0,0.1,8,10
572,497,1,0,0.1,8,10
572,501,1,0,0.1,8,10
571,505,1,0,0.1,8,10
570,511,1,0,0.1,8,10
570,516,1,0,0.1,8,10
571,522,1,0,0.1,8,10
572,528,1,0,0.1,8,10
572,534,1,0,0.1,8,10
573,540,1,0,0.1,8,10
575,546,1,0,0.1,8,10
577,551,1,0,0.1,8,10
578,554,1,0,0.1,8,10
579,557,1,0,0.1,8,10
580,561,1,0,0.1,8,10
581,566,1,0,0.1,8,10
582,571,1,0,0.1,8,10
583,577,1,0,0.1,8,10
584,584,1,0,0.1,8,10
586,593,1,0,0.1,8,10
587,600,1,0,0.1,8,10
588,605,1,0,0.1,8,10
588,612,1,0,0.1,8,10
588,618,1,0,0.1,8,10
588,623,1,0,0.1,8,10
589,629,1,0,0.1,8,10
589,633,1,0,0.1,8,10
589,635,1,0,0.1,8,10
589,635,1,0,0.1,8,10
589,635,1,0,0.1,8,10
557,455,1,0,0.1,8,10
557,455,1,0,0.1,8,10
557,455,1,0,0.1,8,10
557,455,1,0,0.1,8,10
556,460,1,0,0.1,8,10
557,472,1,0,0.1,8,10
559,482,1,0,0.1,8,10
561,492,1,0,0.1,8,10
564,500,1,0,0.1,8,10
567,509,1,0,0.1,8,10
571,517,1,0,0.1,8,10
573,522,1,0,0.1,8,10
576,528,1,0,0.1,8,10
581,534,1,0,0.1,8,10
793.5,386.5,1,0,0.1,8,10
793.5,389.45,1,0,0.1,8,10
793.5,392.4,1,0,0.1,8,10
793.5,395.35,1,0,0.1,8,10
793.5,398.3,1,0,0.1,8,10
793.5,401.25,1,0,0.1,8,10
796.45,386.5,1,0,0.1,8,10
796.45,389.45,1,0,0.1,8,10
796.45,392.4,1,0,0.1,8,10
796.45,395.35,1,0,0.1,8,10
796.45,398.3,1,0,0.1,8,10
796.45,401.25,1,0,0.1,8,10
799.4,386.5,1,0,0.1,8,10
799.4,389.45,1,0,0.1,8,10
799.4,392.4,1,0,0.1,8,10
799.4,395.35,1,0,0.1,8,10
799.4,398.3,1,0,0.1,8,10
799.4,401.25,1,0,0.1,8,10
802.35,386.5,1,0,0.1,8,10
802.35,389.45,1,0,0.1,8,10
802.35,392.4,1,0,0.1,8,10
802.35,395.35,1,0,0.1,8,10
802.35,398.3,1,0,0.1,8,10
802.35,401.25,1,0,0.1,8,10
805.3,386.5,1,0,0.1,8,10
805.3,389.45,1,0,0.1,8,10
805.3,392.4,1,0,0.1,8,10
805.3,395.35,1,0,0.1,8,10
805.3,398.3,1,0,0.1,8,10
805.3,401.25,1,0,0.1,8,10
808.25,386.5,1,0,0.1,8,10
808.25,389.45,1,0,0.1,8,10
808.25,392.4,1,0,0.1,8,10
808.25,395.35,1,0,0.1,8,10
808.25,398.3,1,0,0.1,8,10
808.25,401.25,1,0,0.1,8,10
793.5,386.5,1,0,0.1,8,10
793.5,389.45,1,0,0.1,8,10
793.5,392.4,1,0,0.1,8,10
793.5,395.35,1,0,0.1,8,10
793.5,398.3,1,0,0.1,8,10
793.5,401.25,1,0,0.1,8,10
796.45,386.5,1,0,0.1,8,10
796.45,389.45,1,0,0.1,8,10
796.45,392.4,1,0,0.1,8,10
796.45,395.35,1,0,0.1,8,10
796.45,398.3,1,0,0.1,8,10
796.45,401.25,1,0,0.1,8,10
799.4,386.5,1,0,0.1,8,10
799.4,389.45,1,0,0.1,8,10
799.4,392.4,1,0,0.1,8,10
799.4,395.35,1,0,0.1,8,10
799.4,398.3,1,0,0.1,8,10
799.4,401.25,1,0,0.1,8,10
802.35,386.5,1,0,0.1,8,10
802.35,389.45,1,0,0.1,8,10
802.35,392.4,1,0,0.1,8,10
802.35,395.35,1,0,0.1,8,10
802.35,398.3,1,0,0.1,8,10
802.35,401.25,1,0,0.1,8,10
805.3,386.5,1,0,0.1,8,10
805.3,389.45,1,0,0.1,8,10
805.3,392.4,1,0,0.1,8,10
805.3,395.35,1,0,0.1,8,10
805.3,398.3,1,0,0.1,8,10
805.3,401.25,1,0,0.1,8,10
808.25,386.5,1,0,0.1,8,10
808.25,389.45,1,0,0.1,8,10
808.25,392.4,1,0,0.1,8,10
808.25,395.35,1,0,0.1,8,10
808.25,398.3,1,0,0.1,8,10
808.25,401.25,1,0,0.1,8,10
780.5,403.5,1,0,0.1,8,10
780.5,406.45,1,0,0.1,8,10
780.5,409.4,1,0,0.1,8,10
780.5,412.35,1,0,0.1,8,10
780.5,415.3,1,0,0.1,8,10
780.5,418.25,1,0,0.1,8,10
783.45,403.5,1,0,0.1,8,10
783.45,406.45,1,0,0.1,8,10
783.45,409.4,1,0,0.1,8,10
783.45,412.35,1,0,0.1,8,10
783.45,415.3,1,0,0.1,8,10
783.45,418.25,1,0,0.1,8,10
786.4,403.5,1,0,0.1,8,10
786.4,406.45,1,0,0.1,8,10
786.4,409.4,1,0,0.1,8,10
786.4,412.35,1,0,0.1,8,10
786.4,415.3,1,0,0.1,8,10
786.4,418.25,1,0,0.1,8,10
789.35,403.5,1,0,0.1,8,10
789.35,406.45,1,0,0.1,8,10
789.35,409.4,1,0,0.1,8,10
789.35,412.35,1,0,0.1,8,10
789.35,415.3,1,0,0.1,8,10
789.35,418.25,1,0,0.1,8,10
792.3,403.5,1,0,0.1,8,10
792.3,406.45,1,0,0.1,8,10
792.3,409.4,1,0,0.1,8,10
792.3,412.35,1,0,0.1,8,10
792.3,415.3,1,0,0.1,8,10
792.3,418.25,1,0,0.1,8,10
795.25,403.5,1,0,0.1,8,10
795.25,406.45,1,0,0.1,8,10
795.25,409.4,1,0,0.1,8,10
795.25,412.35,1,0,0.1,8,10
795.25,415.3,1,0,0.1,8,10
795.25,418.25,1,0,0.1,8,10
779.5,405.5,1,0,0.1,8,10
779.5,408.45,1,0,0.1,8,10
779.5,411.4,1,0,0.1,8,10
779.5,414.35,1,0,0.1,8,10
779.5,417.3,1,0,0.1,8,10
779.5,420.25,1,0,0.1,8,10
782.45,405.5,1,0,0.1,8,10
782.45,408.45,1,0,0.1,8,10
782.45,411.4,1,0,0.1,8,10
782.45,414.35,1,0,0.1,8,10
782.45,417.3,1,0,0.1,8,10
782.45,420.25,1,0,0.1,8,10
785.4,405.5,1,0,0.1,8,10
785.4,408.45,1,0,0.1,8,10
785.4,411.4,1,0,0.1,8,10
785.4,414.35,1,0,0.1,8,10
785.4,417.3,1,0,0.1,8,10
785.4,420.25,1,0,0.1,8,10
788.35,405.5,1,0,0.1,8,10
788.35,408.45,1,0,0.1,8,10
788.35,411.4,1,0,0.1,8,10
788.35,414.35,1,0,0.1,8,10
788.35,417.3,1,0,0.1,8,10
788.35,420.25,1,0,0.1,8,10
791.3,405.5,1,0,0.1,8,10
791.3,408.45,1,0,0.1,8,10
791.3,411.4,1,0,0.1,8,10
791.3,414.35,1,0,0.1,8,10
791.3,417.3,1,0,0.1,8,10
791.3,420.25,1,0,0.1,8,10
794.25,405.5,1,0,0.1,8,10
794.25,408.45,1,0,0.1,8,10
794.25,411.4,1,0,0.1,8,10
794.25,414.35,1,0,0.1,8,10
794.25,417.3,1,0,0.1,8,10
794.25,420.25,1,0,0.1,8,10
778.5,408.5,1,0,0.1,8,10
778.5,411.45,1,0,0.1,8,10
778.5,414.4,1,0,0.1,8,10
778.5,417.35,1,0,0.1,8,10
778.5,420.3,1,0,0.1,8,10
778.5,423.25,1,0,0.1,8,10
781.45,408.5,1,0,0.1,8,10
781.45,411.45,1,0,0.1,8,10
781.45,414.4,1,0,0.1,8,10
781.45,417.35,1,0,0.1,8,10
781.45,420.3,1,0,0.1,8,10
781.45,423.25,1,0,0.1,8,10
784.4,408.5,1,0,0.1,8,10
784.4,411.45,1,0,0.1,8,10
784.4,414.4,1,0,0.1,8,10
784.4,417.35,1,0,0.1,8,10
784.4,420.3,1,0,0.1,8,10
784.4,423.25,1,0,0.1,8,10
787.35,408.5,1,0,0.1,8,10
787.35,411.45,1,0,0.1,8,10
787.35,414.4,1,0,0.1,8,10
787.35,417.35,1,0,0.1,8,10
787.35,420.3,1,0,0.1,8,10
787.35,423.25,1,0,0.1,8,10
790.3,408.5,1,0,0.1,8,10
790.3,411.45,1,0,0.1,8,10
790.3,414.4,1,0,0.1,8,10
790.3,417.35,1,0,0.1,8,10
790.3,420.3,1,0,0.1,8,10
790.3,423.25,1,0,0.1,8,10
793.25,408.5,1,0,0.1,8,10
793.25,411.45,1,0,0.1,8,10
793.25,414.4,1,0,0.1,8,10
793.25,417.35,1,0,0.1,8,10
793.25,420.3,1,0,0.1,8,10
793.25,423.25,1,0,0.1,8,10
765.5,431.5,1,0,0.1,8,10
765.5,434.45,1,0,0.1,8,10
765.5,437.4,1,0,0.1,8,10
765.5,440.35,1,0,0.1,8,10
765.5,443.3,1,0,0.1,8,10
765.5,446.25,1,0,0.1,8,10
768.45,431.5,1,0,0.1,8,10
768.45,434.45,1,0,0.1,8,10
768.45,437.4,1,0,0.1,8,10
768.45,440.35,1,0,0.1,8,10
768.45,443.3,1,0,0.1,8,10
768.45,446.25,1,0,0.1,8,10
771.4,431.5,1,0,0.1,8,10
771.4,434.45,1,0,0.1,8,10
771.4,437.4,1,0,0.1,8,10
771.4,440.35,1,0,0.1,8,10
771.4,443.3,1,0,0.1,8,10
771.4,446.25,1,0,0.1,8,10
774.35,431.5,1,0,0.1,8,10
774.35,434.45,1,0,0.1,8,10
774.35,437.4,1,0,0.1,8,10
774.35,440.35,1,0,0.1,8,10
774.35,443.3,1,0,0.1,8,10
774.35,446.25,1,0,0.1,8,10
777.3,431.5,1,0,0.1,8,10
777.3,434.45,1,0,0.1,8,10
777.3,437.4,1,0,0.1,8,10
777.3,440.35,1,0,0.1,8,10
777.3,443.3,1,0,0.1,8,10
777.3,446.25,1,0,0.1,8,10
780.25,431.5,1,0,0.1,8,10
780.25,434.45,1,0,0.1,8,10
780.25,437.4,1,0,0.1,8,10
780.25,440.35,1,0,0.1,8,10
780.25,443.3,1,0,0.1,8,10
780.25,446.25,1,0,0.1,8,10
764.5,434.5,1,0,0.1,8,10
764.5,437.45,1,0,0.1,8,10
764.5,440.4,1,0,0.1,8,10
764.5,443.35,1,0,0.1,8,10
764.5,446.3,1,0,0.1,8,10
764.5,449.25,1,0,0.1,8,10
767.45,434.5,1,0,0.1,8,10
767.45,437.45,1,0,0.1,8,10
767.45,440.4,1,0,0.1,8,10
767.45,443.35,1,0,0.1,8,10
767.45,446.3,1,0,0.1,8,10
767.45,449.25,1,0,0.1,8,10
770.4,434.5,1,0,0.1,8,10
770.4,437.45,1,0,0.1,8,10
770.4,440.4,1,0,0.1,8,10
770.4,443.35,1,0,0.1,8,10
770.4,446.3,1,0,0.1,8,10
770.4,449.25,1,0,0.1,8,10
773.35,434.5,1,0,0.1,8,10
773.35,437.45,1,0,0.1,8,10
773.35,440.4,1,0,0.1,8,10
773.35,443.35,1,0,0.1,8,10
773.35,446.3,1,0,0.1,8,10
773.35,449.25,1,0,0.1,8,10
776.3,434.5,1,0,0.1,8,10
776.3,437.45,1,0,0.1,8,10
776.3,440.4,1,0,0.1,8,10
776.3,443.35,1,0,0.1,8,10
776.3,446.3,1,0,0.1,8,10
776.3,449.25,1,0,0.1,8,10
779.25,434.5,1,0,0.1,8,10
779.25,437.45,1,0,0.1,8,10
779.25,440.4,1,0,0.1,8,10
779.25,443.35,1,0,0.1,8,10
779.25,446.3,1,0,0.1,8,10
779.25,449.25,1,0,0.1,8,10
762.5,438.5,1,0,0.1,8,10
762.5,441.45,1,0,0.1,8,10
762.5,444.4,1,0,0.1,8,10
762.5,447.35,1,0,0.1,8,10
762.5,450.3,1,0,0.1,8,10
762.5,453.25,1,0,0.1,8,10
765.45,438.5,1,0,0.1,8,10
765.45,441.45,1,0,0.1,8,10
765.45,444.4,1,0,0.1,8,10
765.45,447.35,1,0,0.1,8,10
765.45,450.3,1,0,0.1,8,10
765.45,453.25,1,0,0.1,8,10
768.4,438.5,1,0,0.1,8,10
768.4,441.45,1,0,0.1,8,10
768.4,444.4,1,0,0.1,8,10
768.4,447.35,1,0,0.1,8,10
768.4,450.3,1,0,0.1,8,10
768.4,453.25,1,0,0.1,8,10
771.35,438.5,1,0,0.1,8,10
771.35,441.45,1,0,0.1,8,10
771.35,444.4,1,0,0.1,8,10
771.35,447.35,1,0,0.1,8,10
771.35,450.3,1,0,0.1,8,10
771.35,453.25,1,0,0.1,8,10
774.3,438.5,1,0,0.1,8,10
774.3,441.45,1,0,0.1,8,10
774.3,444.4,1,0,0.1,8,10
774.3,447.35,1,0,0.1,8,10
774.3,450.3,1,0,0.1,8,10
774.3,453.25,1,0,0.1,8,10
777.25,438.5,1,0,0.1,8,10
777.25,441.45,1,0,0.1,8,10
777.25,444.4,1,0,0.1,8,10
777.25,447.35,1,0,0.1,8,10
777.25,450.3,1,0,0.1,8,10
777.25,453.25,1,0,0.1,8,10
755.5,461.5,1,0,0.1,8,10
755.5,464.45,1,0,0.1,8,10
755.5,467.4,1,0,0.1,8,10
755.5,470.35,1,0,0.1,8,10
755.5,473.3,1,0,0.1,8,10
755.5,476.25,1,0,0.1,8,10
758.45,461.5,1,0,0.1,8,10
758.45,464.45,1,0,0.1,8,10
758.45,467.4,1,0,0.1,8,10
758.45,470.35,1,0,0.1,8,10
758.45,473.3,1,0,0.1,8,10
758.45,476.25,1,0,0.1,8,10
761.4,461.5,1,0,0.1,8,10
761.4,464.45,1,0,0.1,8,10
761.4,467.4,1,0,0.1,8,10
761.4,470.35,1,0,0.1,8,10
761.4,473.3,1,0,0.1,8,10
761.4,476.25,1,0,0.1,8,10
764.35,461.5,1,0,0.1,8,10
764.35,464.45,1,0,0.1,8,10
764.35,467.4,1,0,0.1,8,10
764.35,470.35,1,0,0.1,8,10
764.35,473.3,1,0,0.1,8,10
764.35,476.25,1,0,0.1,8,10
767.3,461.5,1,0,0.1,8,10
767.3,464.45,1,0,0.1,8,10
767.3,467.4,1,0,0.1,8,10
767.3,470.35,1,0,0.1,8,10
767.3,473.3,1,0,0.1,8,10
767.3,476.25,1,0,0.1,8,10
770.25,461.5,1,0,0.1,8,10
770.25,464.45,1,0,0.1,8,10
770.25,467.4,1,0,0.1,8,10
770.25,470.35,1,0,0.1,8,10
770.25,473.3,1,0,0.1,8,10
770.25,476.25,1,0,0.1,8,10
754.5,464.5,1,0,0.1,8,10
754.5,467.45,1,0,0.1,8,10
754.5,470.4,1,0,0.1,8,10
754.5,473.35,1,0,0.1,8,10
754.5,476.3,1,0,0.1,8,10
754.5,479.25,1,0,0.1,8,10
757.45,464.5,1,0,0.1,8,10
757.45,467.45,1,0,0.1,8,10
757.45,470.4,1,0,0.1,8,10
757.45,473.35,1,0,0.1,8,10
757.45,476.3,1,0,0.1,8,10
757.45,479.25,1,0,0.1,8,10
760.4,464.5,1,0,0.1,8,10
760.4,467.45,1,0,0.1,8,10
760.4,470.4,1,0,0.1,8,10
760.4,473.35,1,0,0.1,8,10
760.4,476.3,1,0,0.1,8,10
760.4,479.25,1,0,0.1,8,10
763.35,464.5,1,0,0.1,8,10
763.35,467.45,1,0,0.1,8,10
763.35,470.4,1,0,0.1,8,10
763.35,473.35,1,0,0.1,8,10
763.35,476.3,1,0,0.1,8,10
763.35,479.25,1,0,0.1,8,10
766.3,464.5,1,0,0.1,8,10
766.3,467.45,1,0,0.1,8,10
766.3,470.4,1,0,0.1,8,10
766.3,473.35,1,0,0.1,8,10
766.3,476.3,1,0,0.1,8,10
766.3,479.25,1,0,0.1,8,10
769.25,464.5,1,0,0.1,8,10
769.25,467.45,1,0,0.1,8,10
769.25,470.4,1,0,0.1,8,10
769.25,473.35,1,0,0.1,8,10
769.25,476.3,1,0,0.1,8,10
769.25,479.25,1,0,0.1,8,10
753.5,470.5,1,0,0.1,8,10
753.5,473.45,1,0,0.1,8,10
753.5,476.4,1,0,0.1,8,10
753.5,479.35,1,0,0.1,8,10
753.5,482.3,1,0,0.1,8,10
753.5,485.25,1,0,0.1,8,10
756.45,470.5,1,0,0.1,8,10
756.45,473.45,1,0,0.1,8,10
756.45,476.4,1,0,0.1,8,10
756.45,479.35,1,0,0.1,8,10
756.45,482.3,1,0,0.1,8,10
756.45,485.25,1,0,0.1,8,10
759.4,470.5,1,0,0.1,8,10
759.4,473.45,1,0,0.1,8,10
759.4,476.4,1,0,0.1,8,10
759.4,479.35,1,0,0.1,8,10
759.4,482.3,1,0,0.1,8,10
759.4,485.25,1,0,0.1,8,10
762.35,470.5,1,0,0.1,8,10
762.35,473.45,1,0,0.1,8,10
762.35,476.4,1,0,0.1,8,10
762.35,479.35,1,0,0.1,8,10
762.35,482.3,1,0,0.1,8,10
762.35,485.25,1,0,0.1,8,10
765.3,470.5,1,0,0.1,8,10
765.3,473.45,1,0,0.1,8,10
765.3,476.4,1,0,0.1,8,10
765.3,479.35,1,0,0.1,8,10
765.3,482.3,1,0,0.1,8,10
765.3,485.25,1,0,0.1,8,10
768.25,470.5,1,0,0.1,8,10
768.25,473.45,1,0,0.1,8,10
768.25,476.4,1,0,0.1,8,10
768.25,479.35,1,0,0.1,8,10
768.25,482.3,1,0,0.1,8,10
768.25,485.25,1,0,0.1,8,10
744.5,500.5,1,0,0.1,8,10
744.5,503.45,1,0,0.1,8,10
744.5,506.4,1,0,0.1,8,10
744.5,509.35,1,0,0.1,8,10
744.5,512.3,1,0,0.1,8,10
744.5,515.25,1,0,0.1,8,10
747.45,500.5,1,0,0.1,8,10
747.45,503.45,1,0,0.1,8,10
747.45,506.4,1,0,0.1,8,10
747.45,509.35,1,0,0.1,8,10
747.45,512.3,1,0,0.1,8,10
747.45,515.25,1,0,0.1,8,10
750.4,500.5,1,0,0.1,8,10
750.4,503.45,1,0,0.1,8,10
750.4,506.4,1,0,0.1,8,10
750.4,509.35,1,0,0.1,8,10
750.4,512.3,1,0,0.1,8,10
750.4,515.25,1,0,0.1,8,10
753.35,500.5,1,0,0.1,8,10
753.35,503.45,1,0,0.1,8,10
753.35,506.4,1,0,0.1,8,10
753.35,509.35,1,0,0.1,8,10
753.35,512.3,1,0,0.1,8,10
753.35,515.25,1,0,0.1,8,10
756.3,500.5,1,0,0.1,8,10
756.3,503.45,1,0,0.1,8,10
756.3,506.4,1,0,0.1,8,10
756.3,509.35,1,0,0.1,8,10
756.3,512.3,1,0,0.1,8,10
756.3,515.25,1,0,0.1,8,10
759.25,500.5,1,0,0.1,8,10
759.25,503.45,1,0,0.1,8,10
759.25,506.4,1,0,0.1,8,10
759.25,509.35,1,0,0.1,8,10
759.25,512.3,1,0,0.1,8,10
759.25,515.25,1,0,0.1,8,10
743.5,502.5,1,0,0.1,8,10
743.5,505.45,1,0,0.1,8,10
743.5,508.4,1,0,0.1,8,10
743.5,511.35,1,0,0.1,8,10
743.5,514.3,1,0,0.1,8,10
743.5,517.25,1,0,0.1,8,10
746.45,502.5,1,0,0.1,8,10
746.45,505.45,1,0,0.1,8,10
746.45,508.4,1,0,0.1,8,10
746.45,511.35,1,0,0.1,8,10
746.45,514.3,1,0,0.1,8,10
746.45,517.25,1,0,0.1,8,10
749.4,502.5,1,0,0.1,8,10
749.4,505.45,1,0,0.1,8,10
749.4,508.4,1,0,0.1,8,10
749.4,511.35,1,0,0.1,8,10
749.4,514.3,1,0,0.1,8,10
749.4,517.25,1,0,0.1,8,10
752.35,502.5,1,0,0.1,8,10
752.35,505.45,1,0,0.1,8,10
752.35,508.4,1,0,0.1,8,10
752.35,511.35,1,0,0.1,8,10
752.35,514.3,1,0,0.1,8,10
752.35,517.25,1,0,0.1,8,10
755.3,502.5,1,0,0.1,8,10
755.3,505.45,1,0,0.1,8,10
755.3,508.4,1,0,0.1,8,10
755.3,511.35,1,0,0.1,8,10
755.3,514.3,1,0,0.1,8,10
755.3,517.25,1,0,0.1,8,10
758.25,502.5,1,0,0.1,8,10
758.25,505.45,1,0,0.1,8,10
758.25,508.4,1,0,0.1,8,10
758.25,511.35,1,0,0.1,8,10
758.25,514.3,1,0,0.1,8,10
758.25,517.25,1,0,0.1,8,10
741.5,509.5,1,0,0.1,8,10
741.5,512.45,1,0,0.1,8,10
741.5,515.4,1,0,0.1,8,10
741.5,518.35,1,0,0.1,8,10
741.5,521.3,1,0,0.1,8,10
741.5,524.25,1,0,0.1,8,10
744.45,509.5,1,0,0.1,8,10
744.45,512.45,1,0,0.1,8,10
744.45,515.4,1,0,0.1,8,10
744.45,518.35,1,0,0.1,8,10
744.45,521.3,1,0,0.1,8,10
744.45,524.25,1,0,0.1,8,10
747.4,509.5,1,0,0.1,8,10
747.4,512.45,1,0,0.1,8,10
747.4,515.4,1,0,0.1,8,10
747.4,518.35,1,0,0.1,8,10
747.4,521.3,1,0,0.1,8,10
747.4,524.25,1,0,0.1,8,10
750.35,509.5,1,0,0.1,8,10
750.35,512.45,1,0,0.1,8,10
750.35,515.4,1,0,0.1,8,10
750.35,518.35,1,0,0.1,8,10
750.35,521.3,1,0,0.1,8,10
750.35,524.25,1,0,0.1,8,10
753.3,509.5,1,0,0.1,8,10
753.3,512.45,1,0,0.1,8,10
753.3,515.4,1,0,0.1,8,10
753.3,518.35,1,0,0.1,8,10
753.3,521.3,1,0,0.1,8,10
753.3,524.25,1,0,0.1,8,10
756.25,509.5,1,0,0.1,8,10
756.25,512.45,1,0,0.1,8,10
756.25,515.4,1,0,0.1,8,10
756.25,518.35,1,0,0.1,8,10
756.25,521.3,1,0,0.1,8,10
756.25,524.25,1,0,0.1,8,10
738.5,517.5,1,0,0.1,8,10
738.5,520.45,1,0,0.1,8,10
738.5,523.4,1,0,0.1,8,10
738.5,526.35,1,0,0.1,8,10
738.5,529.3,1,0,0.1,8,10
738.5,532.25,1,0,0.1,8,10
741.45,517.5,1,0,0.1,8,10
741.45,520.45,1,0,0.1,8,10
741.45,523.4,1,0,0.1,8,10
741.45,526.35,1,0,0.1,8,10
741.45,529.3,1,0,0.1,8,10
741.45,532.25,1,0,0.1,8,10
744.4,517.5,1,0,0.1,8,10
744.4,520.45,1,0,0.1,8,10
744.4,523.4,1,0,0.1,8,10
744.4,526.35,1,0,0.1,8,10
744.4,529.3,1,0,0.1,8,10
744.4,532.25,1,0,0.1,8,10
747.35,517.5,1,0,0.1,8,10
747.35,520.45,1,0,0.1,8,10
747.35,523.4,1,0,0.1,8,10
747.35,526.35,1,0,0.1,8,10
747.35,529.3,1,0,0.1,8,10
747.35,532.25,1,0,0.1,8,10
750.3,517.5,1,0,0.1,8,10
750.3,520.45,1,0,0.1,8,10
750.3,523.4,1,0,0.1,8,10
750.3,526.35,1,0,0.1,8,10
750.3,529.3,1,0,0.1,8,10
750.3,532.25,1,0,0.1,8,10
753.25,517.5,1,0,0.1,8,10
753.25,520.45,1,0,0.1,8,10
753.25,523.4,1,0,0.1,8,10
753.25,526.35,1,0,0.1,8,10
753.25,529.3,1,0,0.1,8,10
753.25,532.25,1,0,0.1,8,10
736.5,523.5,1,0,0.1,8,10
736.5,526.45,1,0,0.1,8,10
736.5,529.4,1,0,0.1,8,10
736.5,532.35,1,0,0.1,8,10
736.5,535.3,1,0,0.1,8,10
736.5,538.25,1,0,0.1,8,10
739.45,523.5,1,0,0.1,8,10
739.45,526.45,1,0,0.1,8,10
739.45,529.4,1,0,0.1,8,10
739.45,532.35,1,0,0.1,8,10
739.45,535.3,1,0,0.1,8,10
739.45,538.25,1,0,0.1,8,10
742.4,523.5,1,0,0.1,8,10
742.4,526.45,1,0,0.1,8,10
742.4,529.4,1,0,0.1,8,10
742.4,532.35,1,0,0.1,8,10
742.4,535.3,1,0,0.1,8,10
742.4,538.25,1,0,0.1,8,10
745.35,523.5,1,0,0.1,8,10
745.35,526.45,1,0,0.1,8,10
745.35,529.4,1,0,0.1,8,10
745.35,532.35,1,0,0.1,8,10
745.35,535.3,1,0,0.1,8,10
745.35,538.25,1,0,0.1,8,10
748.3,523.5,1,0,0.1,8,10
748.3,526.45,1,0,0.1,8,10
748.3,529.4,1,0,0.1,8,10
748.3,532.35,1,0,0.1,8,10
748.3,535.3,1,0,0.1,8,10
748.3,538.25,1,0,0.1,8,10
751.25,523.5,1,0,0.1,8,10
751.25,526.45,1,0,0.1,8,10
751.25,529.4,1,0,0.1,8,10
751.25,532.35,1,0,0.1,8,10
751.25,535.3,1,0,0.1,8,10
751.25,538.25,1,0,0.1,8,10
733.5,533.5,1,0,0.1,8,10
733.5,536.45,1,0,0.1,8,10
733.5,539.4,1,0,0.1,8,10
733.5,542.35,1,0,0.1,8,10
733.5,545.3,1,0,0.1,8,10
733.5,548.25,1,0,0.1,8,10
736.45,533.5,1,0,0.1,8,10
736.45,536.45,1,0,0.1,8,10
736.45,539.4,1,0,0.1,8,10
736.45,542.35,1,0,0.1,8,10
736.45,545.3,1,0,0.1,8,10
736.45,548.25,1,0,0.1,8,10
739.4,533.5,1,0,0.1,8,10
739.4,536.45,1,0,0.1,8,10
739.4,539.4,1,0,0.1,8,10
739.4,542.35,1,0,0.1,8,10
739.4,545.3,1,0,0.1,8,10
739.4,548.25,1,0,0.1,8,10
742.35,533.5,1,0,0.1,8,10
742.35,536.45,1,0,0.1,8,10
742.35,539.4,1,0,0.1,8,10
742.35,542.35,1,0,0.1,8,10
742.35,545.3,1,0,0.1,8,10
742.35,548.25,1,0,0.1,8,10
745.3,533.5,1,0,0.1,8,10
745.3,536.45,1,0,0.1,8,10
745.3,539.4,1,0,0.1,8,10
745.3,542.35,1,0,0.1,8,10
745.3,545.3,1,0,0.1,8,10
745.3,548.25,1,0,0.1,8,10
748.25,533.5,1,0,0.1,8,10
748.25,536.45,1,0,0.1,8,10
748.25,539.4,1,0,0.1,8,10
748.25,542.35,1,0,0.1,8,10
748.25,545.3,1,0,0.1,8,10
748.25,548.25,1,0,0.1,8,10
732.5,541.5,1,0,0.1,8,10
732.5,544.45,1,0,0.1,8,10
732.5,547.4,1,0,0.1,8,10
732.5,550.35,1,0,0.1,8,10
732.5,553.3,1,0,0.1,8,10
732.5,556.25,1,0,0.1,8,10
735.45,541.5,1,0,0.1,8,10
735.45,544.45,1,0,0.1,8,10
735.45,547.4,1,0,0.1,8,10
735.45,550.35,1,0,0.1,8,10
735.45,553.3,1,0,0.1,8,10
735.45,556.25,1,0,0.1,8,10
738.4,541.5,1,0,0.1,8,10
738.4,544.45,1,0,0.1,8,10
738.4,547.4,1,0,0.1,8,10
738.4,550.35,1,0,0.1,8,10
738.4,553.3,1,0,0.1,8,10
738.4,556.25,1,0,0.1,8,10
741.35,541.5,1,0,0.1,8,10
741.35,544.45,1,0,0.1,8,10
741.35,547.4,1,0,0.1,8,10
741.35,550.35,1,0,0.1,8,10
741.35,553.3,1,0,0.1,8,10
741.35,556.25,1,0,0.1,8,10
744.3,541.5,1,0,0.1,8,10
744.3,544.45,1,0,0.1,8,10
744.3,547.4,1,0,0.1,8,10
744.3,550.35,1,0,0.1,8,10
744.3,553.3,1,0,0.1,8,10
744.3,556.25,1,0,0.1,8,10
747.25,541.5,1,0,0.1,8,10
747.25,544.45,1,0,0.1,8,10
747.25,547.4,1,0,0.1,8,10
747.25,550.35,1,0,0.1,8,10
747.25,553.3,1,0,0.1,8,10
747.25,556.25,1,0,0.1,8,10
728.5,561.5,1,0,0.1,8,10
728.5,564.45,1,0,0.1,8,10
728.5,567.4,1,0,0.1,8,10
728.5,570.35,1,0,0.1,8,10
728.5,573.3,1,0,0.1,8,10
728.5,576.25,1,0,0.1,8,10
731.45,561.5,1,0,0.1,8,10
731.45,564.45,1,0,0.1,8,10
731.45,567.4,1,0,0.1,8,10
731.45,570.35,1,0,0.1,8,10
731.45,573.3,1,0,0.1,8,10
731.45,576.25,1,0,0.1,8,10
734.4,561.5,1,0,0.1,8,10
734.4,564.45,1,0,0.1,8,10
734.4,567.4,1,0,0.1,8,10
734.4,570.35,1,0,0.1,8,10
734.4,573.3,1,0,0.1,8,10
734.4,576.25,1,0,0.1,8,10
737.35,561.5,1,0,0.1,8,10
737.35,564.45,1,0,0.1,8,10
737.35,567.4,1,0,0.1,8,10
737.35,570.35,1,0,0.1,8,10
737.35,573.3,1,0,0.1,8,10
737.35,576.25,1,0,0.1,8,10
740.3,561.5,1,0,0.1,8,10
740.3,564.45,1,0,0.1,8,10
740.3,567.4,1,0,0.1,8,10
740.3,570.35,1,0,0.1,8,10
740.3,573.3,1,0,0.1,8,10
740.3,576.25,1,0,0.1,8,10
743.25,561.5,1,0,0.1,8,10
743.25,564.45,1,0,0.1,8,10
743.25,567.4,1,0,0.1,8,10
743.25,570.35,1,0,0.1,8,10
743.25,573.3,1,0,0.1,8,10
743.25,576.25,1,0,0.1,8,10
726.5,566.5,1,0,0.1,8,10
726.5,569.45,1,0,0.1,8,10
726.5,572.4,1,0,0.1,8,10
726.5,575.35,1,0,0.1,8,10
726.5,578.3,1,0,0.1,8,10
726.5,581.25,1,0,0.1,8,10
729.45,566.5,1,0,0.1,8,10
729.45,569.45,1,0,0.1,8,10
729.45,572.4,1,0,0.1,8,10
729.45,575.35,1,0,0.1,8,10
729.45,578.3,1,0,0.1,8,10
729.45,581.25,1,0,0.1,8,10
732.4,566.5,1,0,0.1,8,10
732.4,569.45,1,0,0.1,8,10
732.4,572.4,1,0,0.1,8,10
732.4,575.35,1,0,0.1,8,10
732.4,578.3,1,0,0.1,8,10
732.4,581.25,1,0,0.1,8,10
735.35,566.5,1,0,0.1,8,10
735.35,569.45,1,0,0.1,8,10
735.35,572.4,1,0,0.1,8,10
735.35,575.35,1,0,0.1,8,10
735.35,578.3,1,0,0.1,8,10
735.35,581.25,1,0,0.1,8,10
738.3,566.5,1,0,0.1,8,10
738.3,569.45,1,0,0.1,8,10
738.3,572.4,1,0,0.1,8,10
738.3,575.35,1,0,0.1,8,10
738.3,578.3,1,0,0.1,8,10
738.3,581.25,1,0,0.1,8,10
741.25,566.5,1,0,0.1,8,10
741.25,569.45,1,0,0.1,8,10
741.25,572.4,1,0,0.1,8,10
741.25,575.35,1,0,0.1,8,10
741.25,578.3,1,0,0.1,8,10
741.25,581.25,1,0,0.1,8,10
723.5,573.5,1,0,0.1,8,10
723.5,576.45,1,0,0.1,8,10
723.5,579.4,1,0,0.1,8,10
723.5,582.35,1,0,0.1,8,10
723.5,585.3,1,0,0.1,8,10
723.5,588.25,1,0,0.1,8,10
726.45,573.5,1,0,0.1,8,10
726.45,576.45,1,0,0.1,8,10
726.45,579.4,1,0,0.1,8,10
726.45,582.35,1,0,0.1,8,10
726.45,585.3,1,0,0.1,8,10
726.45,588.25,1,0,0.1,8,10
729.4,573.5,1,0,0.1,8,10
729.4,576.45,1,0,0.1,8,10
729.4,579.4,1,0,0.1,8,10
729.4,582.35,1,0,0.1,8,10
729.4,585.3,1,0,0.1,8,10
729.4,588.25,1,0,0.1,8,10
732.35,573.5,1,0,0.1,8,10
732.35,576.45,1,0,0.1,8,10
732.35,579.4,1,0,0.1,8,10
732.35,582.35,1,0,0.1,8,10
732.35,585.3,1,0,0.1,8,10
732.35,588.25,1,0,0.1,8,10
735.3,573.5,1,0,0.1,8,10
735.3,576.45,1,0,0.1,8,10
735.3,579.4,1,0,0.1,8,10
735.3,582.35,1,0,0.1,8,10
735.3,585.3,1,0,0.1,8,10
735.3,588.25,1,0,0.1,8,10
738.25,573.5,1,0,0.1,8,10
738.25,576.45,1,0,0.1,8,10
738.25,579.4,1,0,0.1,8,10
738.25,582.35,1,0,0.1,8,10
738.25,585.3,1,0,0.1,8,10
738.25,588.25,1,0,0.1,8,10
558.5,451.5,1,0,0.1,8,10
558.5,454.45,1,0,0.1,8,10
558.5,457.4,1,0,0.1,8,10
558.5,460.35,1,0,0.1,8,10
558.5,463.3,1,0,0.1,8,10
558.5,466.25,1,0,0.1,8,10
561.45,451.5,1,0,0.1,8,10
561.45,454.45,1,0,0.1,8,10
561.45,457.4,1,0,0.1,8,10
561.45,460.35,1,0,0.1,8,10
561.45,463.3,1,0,0.1,8,10
561.45,466.25,1,0,0.1,8,10
564.4,451.5,1,0,0.1,8,10
564.4,454.45,1,0,0.1,8,10
564.4,457.4,1,0,0.1,8,10
564.4,460.35,1,0,0.1,8,10
564.4,463.3,1,0,0.1,8,10
564.4,466.25,1,0,0.1,8,10
567.35,451.5,1,0,0.1,8,10
567.35,454.45,1,0,0.1,8,10
567.35,457.4,1,0,0.1,8,10
567.35,460.35,1,0,0.1,8,10
567.35,463.3,1,0,0.1,8,10
567.35,466.25,1,0,0.1,8,10
570.3,451.5,1,0,0.1,8,10
570.3,454.45,1,0,0.1,8,10
570.3,457.4,1,0,0.1,8,10
570.3,460.35,1,0,0.1,8,10
570.3,463.3,1,0,0.1,8,10
570.3,466.25,1,0,0.1,8,10
573.25,451.5,1,0,0.1,8,10
573.25,454.45,1,0,0.1,8,10
573.25,457.4,1,0,0.1,8,10
573.25,460.35,1,0,0.1,8,10
573.25,463.3,1,0,0.1,8,10
573.25,466.25,1,0,0.1,8,10
558.5,451.5,1,0,0.1,8,10
558.5,454.45,1,0,0.1,8,10
558.5,457.4,1,0,0.1,8,10
558.5,460.35,1,0,0.1,8,10
558.5,463.3,1,0,0.1,8,10
558.5,466.25,1,0,0.1,8,10
561.45,451.5,1,0,0.1,8,10
561.45,454.45,1,0,0.1,8,10
561.45,457.4,1,0,0.1,8,10
561.45,460.35,1,0,0.1,8,10
561.45,463.3,1,0,0.1,8,10
561.45,466.25,1,0,0.1,8,10
564.4,451.5,1,0,0.1,8,10
564.4,454.45,1,0,0.1,8,10
564.4,457.4,1,0,0.1,8,10
564.4,460.35,1,0,0.1,8,10
564.4,463.3,1,0,0.1,8,10
564.4,466.25,1,0,0.1,8,10
567.35,451.5,1,0,0.1,8,10
567.35,454.45,1,0,0.1,8,10
567.35,457.4,1,0,0.1,8,10
567.35,460.35,1,0,0.1,8,10
567.35,463.3,1,0,0.1,8,10
567.35,466.25,1,0,0.1,8,10
570.3,451.5,1,0,0.1,8,10
570.3,454.45,1,0,0.1,8,10
570.3,457.4,1,0,0.1,8,10
570.3,460.35,1,0,0.1,8,10
570.3,463.3,1,0,0.1,8,10
570.3,466.25,1,0,0.1,8,10
573.25,451.5,1,0,0.1,8,10
573.25,454.45,1,0,0.1,8,10
573.25,457.4,1,0,0.1,8,10
573.25,460.35,1,0,0.1,8,10
573.25,463.3,1,0,0.1,8,10
573.25,466.25,1,0,0.1,8,10
564.5,477.5,1,0,0.1,8,10
564.5,480.45,1,0,0.1,8,10
564.5,483.4,1,0,0.1,8,10
564.5,486.35,1,0,0.1,8,10
564.5,489.3,1,0,0.1,8,10
564.5,492.25,1,0,0.1,8,10
567.45,477.5,1,0,0.1,8,10
567.45,480.45,1,0,0.1,8,10
567.45,483.4,1,0,0.1,8,10
567.45,486.35,1,0,0.1,8,10
567.45,489.3,1,0,0.1,8,10
567.45,492.25,1,0,0.1,8,10
570.4,477.5,1,0,0.1,8,10
570.4,480.45,1,0,0.1,8,10
570.4,483.4,1,0,0.1,8,10
570.4,486.35,1,0,0.1,8,10
570.4,489.3,1,0,0.1,8,10
570.4,492.25,1,0,0.1,8,10
573.35,477.5,1,0,0.1,8,10
573.35,480.45,1,0,0.1,8,10
573.35,483.4,1,0,0.1,8,10
573.35,486.35,1,0,0.1,8,10
573.35,489.3,1,0,0.1,8,10
573.35,492.25,1,0,0.1,8,10
576.3,477.5,1,0,0.1,8,10
576.3,480.45,1,0,0.1,8,10
576.3,483.4,1,0,0.1,8,10
576.3,486.35,1,0,0.1,8,10
576.3,489.3,1,0,0.1,8,10
576.3,492.25,1,0,0.1,8,10
579.25,477.5,1,0,0.1,8,10
579.25,480.45,1,0,0.1,8,10
579.25,483.4,1,0,0.1,8,10
579.25,486.35,1,0,0.1,8,10
579.25,489.3,1,0,0.1,8,10
579.25,492.25,1,0,0.1,8,10
564.5,479.5,1,0,0.1,8,10
564.5,482.45,1,0,0.1,8,10
564.5,485.4,1,0,0.1,8,10
564.5,488.35,1,0,0.1,8,10
564.5,491.3,1,0,0.1,8,10
564.5,494.25,1,0,0.1,8,10
567.45,479.5,1,0,0.1,8,10
567.45,482.45,1,0,0.1,8,10
567.45,485.4,1,0,0.1,8,10
567.45,488.35,1,0,0.1,8,10
567.45,491.3,1,0,0.1,8,10
567.45,494.25,1,0,0.1,8,10
570.4,479.5,1,0,0.1,8,10
570.4,482.45,1,0,0.1,8,10
570.4,485.4,1,0,0.1,8,10
570.4,488.35,1,0,0.1,8,10
570.4,491.3,1,0,0.1,8,10
570.4,494.25,1,0,0.1,8,10
573.35,479.5,1,0,0.1,8,10
573.35,482.45,1,0,0.1,8,10
573.35,485.4,1,0,0.1,8,10
573.35,488.35,1,0,0.1,8,10
573.35,491.3,1,0,0.1,8,10
573.35,494.25,1,0,0.1,8,10
576.3,479.5,1,0,0.1,8,10
576.3,482.45,1,0,0.1,8,10
576.3,485.4,1,0,0.1,8,10
576.3,488.35,1,0,0.1,8,10
576.3,491.3,1,0,0.1,8,10
576.3,494.25,1,0,0.1,8,10
579.25,479.5,1,0,0.1,8,10
579.25,482.45,1,0,0.1,8,10
579.25,485.4,1,0,0.1,8,10
579.25,488.35,1,0,0.1,8,10
579.25,491.3,1,0,0.1,8,10
579.25,494.25,1,0,0.1,8,10
564.5,480.5,1,0,0.1,8,10
564.5,483.45,1,0,0.1,8,10
564.5,486.4,1,0,0.1,8,10
564.5,489.35,1,0,0.1,8,10
564.5,492.3,1,0,0.1,8,10
564.5,495.25,1,0,0.1,8,10
567.45,480.5,1,0,0.1,8,10
567.45,483.45,1,0,0.1,8,10
567.45,486.4,1,0,0.1,8,10
567.45,489.35,1,0,0.1,8,10
567.45,492.3,1,0,0.1,8,10
567.45,495.25,1,0,0.1,8,10
570.4,480.5,1,0,0.1,8,10
570.4,483.45,1,0,0.1,8,10
570.4,486.4,1,0,0.1,8,10
570.4,489.35,1,0,0.1,8,10
570.4,492.3,1,0,0.1,8,10
570.4,495.25,1,0,0.1,8,10
573.35,480.5,1,0,0.1,8,10
573.35,483.45,1,0,0.1,8,10
573.35,486.4,1,0,0.1,8,10
573.35,489.35,1,0,0.1,8,10
573.35,492.3,1,0,0.1,8,10
573.35,495.25,1,0,0.1,8,10
576.3,480.5,1,0,0.1,8,10
576.3,483.45,1,0,0.1,8,10
576.3,486.4,1,0,0.1,8,10
576.3,489.35,1,0,0.1,8,10
576.3,492.3,1,0,0.1,8,10
576.3,495.25,1,0,0.1,8,10
579.25,480.5,1,0,0.1,8,10
579.25,483.45,1,0,0.1,8,10
579.25,486.4,1,0,0.1,8,10
579.25,489.35,1,0,0.1,8,10
579.25,492.3,1,0,0.1,8,10
579.25,495.25,1,0,0.1,8,10
565.5,485.5,1,0,0.1,8,10
565.5,488.45,1,0,0.1,8,10
565.5,491.4,1,0,0.1,8,10
565.5,494.35,1,0,0.1,8,10
565.5,497.3,1,0,0.1,8,10
565.5,500.25,1,0,0.1,8,10
568.45,485.5,1,0,0.1,8,10
568.45,488.45,1,0,0.1,8,10
568.45,491.4,1,0,0.1,8,10
568.45,494.35,1,0,0.1,8,10
568.45,497.3,1,0,0.1,8,10
568.45,500.25,1,0,0.1,8,10
571.4,485.5,1,0,0.1,8,10
571.4,488.45,1,0,0.1,8,10
571.4,491.4,1,0,0.1,8,10
571.4,494.35,1,0,0.1,8,10
571.4,497.3,1,0,0.1,8,10
571.4,500.25,1,0,0.1,8,10
574.35,485.5,1,0,0.1,8,10
574.35,488.45,1,0,0.1,8,10
574.35,491.4,1,0,0.1,8,10
574.35,494.35,1,0,0.1,8,10
574.35,497.3,1,0,0.1,8,10
574.35,500.25,1,0,0.1,8,10
577.3,485.5,1,0,0.1,8,10
577.3,488.45,1,0,0.1,8,10
577.3,491.4,1,0,0.1,8,10
577.3,494.35,1,0,0.1,8,10
577.3,497.3,1,0,0.1,8,10
577.3,500.25,1,0,0.1,8,10
580.25,485.5,1,0,0.1,8,10
580.25,488.45,1,0,0.1,8,10
580.25,491.4,1,0,0.1,8,10
580.25,494.35,1,0,0.1,8,10
580.25,497.3,1,0,0.1,8,10
580.25,500.25,1,0,0.1,8,10
568.5,510.5,1,0,0.1,8,10
568.5,513.45,1,0,0.1,8,10
568.5,516.4,1,0,0.1,8,10
568.5,519.35,1,0,0.1,8,10
568.5,522.3,1,0,0.1,8,10
568.5,525.25,1,0,0.1,8,10
571.45,510.5,1,0,0.1,8,10
571.45,513.45,1,0,0.1,8,10
571.45,516.4,1,0,0.1,8,10
571.45,519.35,1,0,0.1,8,10
571.45,522.3,1,0,0.1,8,10
571.45,525.25,1,0,0.1,8,10
574.4,510.5,1,0,0.1,8,10
574.4,513.45,1,0,0.1,8,10
574.4,516.4,1,0,0.1,8,10
574.4,519.35,1,0,0.1,8,10
574.4,522.3,1,0,0.1,8,10
574.4,525.25,1,0,0.1,8,10
577.35,510.5,1,0,0.1,8,10
577.35,513.45,1,0,0.1,8,10
577.35,516.4,1,0,0.1,8,10
577.35,519.35,1,0,0.1,8,10
577.35,522.3,1,0,0.1,8,10
577.35,525.25,1,0,0.1,8,10
580.3,510.5,1,0,0.1,8,10
580.3,513.45,1,0,0.1,8,10
580.3,516.4,1,0,0.1,8,10
580.3,519.35,1,0,0.1,8,10
580.3,522.3,1,0,0.1,8,10
580.3,525.25,1,0,0.1,8,10
583.25,510.5,1,0,0.1,8,10
583.25,513.45,1,0,0.1,8,10
583.25,516.4,1,0,0.1,8,10
583.25,519.35,1,0,0.1,8,10
583.25,522.3,1,0,0.1,8,10
583.25,525.25,1,0,0.1,8,10
569.5,511.5,1,0,0.1,8,10
569.5,514.45,1,0,0.1,8,10
569.5,517.4,1,0,0.1,8,10
569.5,520.35,1,0,0.1,8,10
569.5,523.3,1,0,0.1,8,10
569.5,526.25,1,0,0.1,8,10
572.45,511.5,1,0,0.1,8,10
572.45,514.45,1,0,0.1,8,10
572.45,517.4,1,0,0.1,8,10
572.45,520.35,1,0,0.1,8,10
572.45,523.3,1,0,0.1,8,10
572.45,526.25,1,0,0.1,8,10
575.4,511.5,1,0,0.1,8,10
575.4,514.45,1,0,0.1,8,10
575.4,517.4,1,0,0.1,8,10
575.4,520.35,1,0,0.1,8,10
575.4,523.3,1,0,0.1,8,10
575.4,526.25,1,0,0.1,8,10
578.35,511.5,1,0,0.1,8,10
578.35,514.45,1,0,0.1,8,10
578.35,517.4,1,0,0.1,8,10
578.35,520.35,1,0,0.1,8,10
578.35,523.3,1,0,0.1,8,10
578.35,526.25,1,0,0.1,8,10
581.3,511.5,1,0,0.1,8,10
581.3,514.45,1,0,0.1,8,10
581.3,517.4,1,0,0.1,8,10
581.3,520.35,1,0,0.1,8,10
581.3,523.3,1,0,0.1,8,10
581.3,526.25,1,0,0.1,8,10
584.25,511.5,1,0,0.1,8,10
584.25,514.45,1,0,0.1,8,10
584.25,517.4,1,0,0.1,8,10
584.25,520.35,1,0,0.1,8,10
584.25,523.3,1,0,0.1,8,10
584.25,526.25,1,0,0.1,8,10
569.5,513.5,1,0,0.1,8,10
569.5,516.45,1,0,0.1,8,10
569.5,519.4,1,0,0.1,8,10
569.5,522.35,1,0,0.1,8,10
569.5,525.3,1,0,0.1,8,10
569.5,528.25,1,0,0.1,8,10
572.45,513.5,1,0,0.1,8,10
572.45,516.45,1,0,0.1,8,10
572.45,519.4,1,0,0.1,8,10
572.45,522.35,1,0,0.1,8,10
572.45,525.3,1,0,0.1,8,10
572.45,528.25,1,0,0.1,8,10
575.4,513.5,1,0,0.1,8,10
575.4,516.45,1,0,0.1,8,10
575.4,519.4,1,0,0.1,8,10
575.4,522.35,1,0,0.1,8,10
575.4,525.3,1,0,0.1,8,10
575.4,528.25,1,0,0.1,8,10
578.35,513.5,1,0,0.1,8,10
578.35,516.45,1,0,0.1,8,10
578.35,519.4,1,0,0.1,8,10
578.35,522.35,1,0,0.1,8,10
578.35,525.3,1,0,0.1,8,10
578.35,528.25,1,0,0.1,8,10
581.3,513.5,1,0,0.1,8,10
581.3,516.45,1,0,0.1,8,10
581.3,519.4,1,0,0.1,8,10
581.3,522.35,1,0,0.1,8,10
581.3,525.3,1,0,0.1,8,10
581.3,528.25,1,0,0.1,8,10
584.25,513.5,1,0,0.1,8,10
584.25,516.45,1,0,0.1,8,10
584.25,519.4,1,0,0.1,8,10
584.25,522.35,1,0,0.1,8,10
584.25,525.3,1,0,0.1,8,10
584.25,528.25,1,0,0.1,8,10
570.5,520.5,1,0,0.1,8,10
570.5,523.45,1,0,0.1,8,10
570.5,526.4,1,0,0.1,8,10
570.5,529.35,1,0,0.1,8,10
570.5,532.3,1,0,0.1,8,10
570.5,535.25,1,0,0.1,8,10
573.45,520.5,1,0,0.1,8,10
573.45,523.45,1,0,0.1,8,10
573.45,526.4,1,0,0.1,8,10
573.45,529.35,1,0,0.1,8,10
573.45,532.3,1,0,0.1,8,10
573.45,535.25,1,0,0.1,8,10
576.4,520.5,1,0,0.1,8,10
576.4,523.45,1,0,0.1,8,10
576.4,526.4,1,0,0.1,8,10
576.4,529.35,1,0,0.1,8,10
576.4,532.3,1,0,0.1,8,10
576.4,535.25,1,0,0.1,8,10
579.35,520.5,1,0,0.1,8,10
579.35,523.45,1,0,0.1,8,10
579.35,526.4,1,0,0.1,8,10
579.35,529.35,1,0,0.1,8,10
579.35,532.3,1,0,0.1,8,10
579.35,535.25,1,0,0.1,8,10
582.3,520.5,1,0,0.1,8,10
582.3,523.45,1,0,0.1,8,10
582.3,526.4,1,0,0.1,8,10
582.3,529.35,1,0,0.1,8,10
582.3,532.3,1,0,0.1,8,10
582.3,535.25,1,0,0.1,8,10
585.25,520.5,1,0,0.1,8,10
585.25,523.45,1,0,0.1,8,10
585.25,526.4,1,0,0.1,8,10
585.25,529.35,1,0,0.1,8,10
585.25,532.3,1,0,0.1,8,10
585.25,535.25,1,0,0.1,8,10
576.5,551.5,1,0,0.1,8,10
576.5,554.45,1,0,0.1,8,10
576.5,557.4,1,0,0.1,8,10
576.5,560.35,1,0,0.1,8,10
576.5,563.3,1,0,0.1,8,10
576.5,566.25,1,0,0.1,8,10
579.45,551.5,1,0,0.1,8,10
579.45,554.45,1,0,0.1,8,10
579.45,557.4,1,0,0.1,8,10
579.45,560.35,1,0,0.1,8,10
579.45,563.3,1,0,0.1,8,10
579.45,566.25,1,0,0.1,8,10
582.4,551.5,1,0,0.1,8,10
582.4,554.45,1,0,0.1,8,10
582.4,557.4,1,0,0.1,8,10
582.4,560.35,1,0,0.1,8,10
582.4,563.3,1,0,0.1,8,10
582.4,566.25,1,0,0.1,8,10
585.35,551.5,1,0,0.1,8,10
585.35,554.45,1,0,0.1,8,10
585.35,557.4,1,0,0.1,8,10
585.35,560.35,1,0,0.1,8,10
585.35,563.3,1,0,0.1,8,10
585.35,566.25,1,0,0.1,8,10
588.3,551.5,1,0,0.1,8,10
588.3,554.45,1,0,0.1,8,10
588.3,557.4,1,0,0.1,8,10
588.3,560.35,1,0,0.1,8,10
588.3,563.3,1,0,0.1,8,10
588.3,566.25,1,0,0.1,8,10
591.25,551.5,1,0,0.1,8,10
591.25,554.45,1,0,0.1,8,10
591.25,557.4,1,0,0.1,8,10
591.25,560.35,1,0,0.1,8,10
591.25,563.3,1,0,0.1,8,10
591.25,566.25,1,0,0.1,8,10
576.5,552.5,1,0,0.1,8,10
576.5,555.45,1,0,0.1,8,10
576.5,558.4,1,0,0.1,8,10
576.5,561.35,1,0,0.1,8,10
576.5,564.3,1,0,0.1,8,10
576.5,567.25,1,0,0.1,8,10
579.45,552.5,1,0,0.1,8,10
579.45,555.45,1,0,0.1,8,10
579.45,558.4,1,0,0.1,8,10
579.45,561.35,1,0,0.1,8,10
579.45,564.3,1,0,0.1,8,10
579.45,567.25,1,0,0.1,8,10
582.4,552.5,1,0,0.1,8,10
582.4,555.45,1,0,0.1,8,10
582.4,558.4,1,0,0.1,8,10
582.4,561.35,1,0,0.1,8,10
582.4,564.3,1,0,0.1,8,10
582.4,567.25,1,0,0.1,8,10
585.35,552.5,1,0,0.1,8,10
585.35,555.45,1,0,0.1,8,10
585.35,558.4,1,0,0.1,8,10
585.35,561.35,1,0,0.1,8,10
585.35,564.3,1,0,0.1,8,10
585.35,567.25,1,0,0.1,8,10
588.3,552.5,1,0,0.1,8,10
588.3,555.45,1,0,0.1,8,10
588.3,558.4,1,0,0.1,8,10
588.3,561.35,1,0,0.1,8,10
588.3,564.3,1,0,0.1,8,10
588.3,567.25,1,0,0.1,8,10
591.25,552.5,1,0,0.1,8,10
591.25,555.45,1,0,0.1,8,10
591.25,558.4,1,0,0.1,8,10
591.25,561.35,1,0,0.1,8,10
591.25,564.3,1,0,0.1,8,10
591.25,567.25,1,0,0.1,8,10
577.5,556.5,1,0,0.1,8,10
577.5,559.45,1,0,0.1,8,10
577.5,562.4,1,0,0.1,8,10
577.5,565.35,1,0,0.1,8,10
577.5,568.3,1,0,0.1,8,10
577.5,571.25,1,0,0.1,8,10
580.45,556.5,1,0,0.1,8,10
580.45,559.45,1,0,0.1,8,10
580.45,562.4,1,0,0.1,8,10
580.45,565.35,1,0,0.1,8,10
580.45,568.3,1,0,0.1,8,10
580.45,571.25,1,0,0.1,8,10
583.4,556.5,1,0,0.1,8,10
583.4,559.45,1,0,0.1,8,10
583.4,562.4,1,0,0.1,8,10
583.4,565.35,1,0,0.1,8,10
583.4,568.3,1,0,0.1,8,10
583.4,571.25,1,0,0.1,8,10
586.35,556.5,1,0,0.1,8,10
586.35,559.45,1,0,0.1,8,10
586.35,562.4,1,0,0.1,8,10
586.35,565.35,1,0,0.1,8,10
586.35,568.3,1,0,0.1,8,10
586.35,571.25,1,0,0.1,8,10
589.3,556.5,1,0,0.1,8,10
589.3,559.45,1,0,0.1,8,10
589.3,562.4,1,0,0.1,8,10
589.3,565.35,1,0,0.1,8,10
589.3,568.3,1,0,0.1,8,10
589.3,571.25,1,0,0.1,8,10
592.25,556.5,1,0,0.1,8,10
592.25,559.45,1,0,0.1,8,10
592.25,562.4,1,0,0.1,8,10
592.25,565.35,1,0,0.1,8,10
592.25,568.3,1,0,0.1,8,10
592.25,571.25,1,0,0.1,8,10
584.5,581.5,1,0,0.1,8,10
584.5,584.45,1,0,0.1,8,10
584.5,587.4,1,0,0.1,8,10
584.5,590.35,1,0,0.1,8,10
584.5,593.3,1,0,0.1,8,10
584.5,596.25,1,0,0.1,8,10
587.45,581.5,1,0,0.1,8,10
587.45,584.45,1,0,0.1,8,10
587.45,587.4,1,0,0.1,8,10
587.45,590.35,1,0,0.1,8,10
587.45,593.3,1,0,0.1,8,10
587.45,596.25,1,0,0.1,8,10
590.4,581.5,1,0,0.1,8,10
590.4,584.45,1,0,0.1,8,10
590.4,587.4,1,0,0.1,8,10
590.4,590.35,1,0,0.1,8,10
590.4,593.3,1,0,0.1,8,10
590.4,596.25,1,0,0.1,8,10
593.35,581.5,1,0,0.1,8,10
593.35,584.45,1,0,0.1,8,10
593.35,587.4,1,0,0.1,8,10
593.35,590.35,1,0,0.1,8,10
593.35,593.3,1,0,0.1,8,10
593.35,596.25,1,0,0.1,8,10
596.3,581.5,1,0,0.1,8,10
596.3,584.45,1,0,0.1,8,10
596.3,587.4,1,0,0.1,8,10
596.3,590.35,1,0,0.1,8,10
596.3,593.3,1,0,0.1,8,10
596.3,596.25,1,0,0.1,8,10
599.25,581.5,1,0,0.1,8,10
599.25,584.45,1,0,0.1,8,10
599.25,587.4,1,0,0.1,8,10
599.25,590.35,1,0,0.1,8,10
599.25,593.3,1,0,0.1,8,10
599.25,596.25,1,0,0.1,8,10
585.5,583.5,1,0,0.1,8,10
585.5,586.45,1,0,0.1,8,10
585.5,589.4,1,0,0.1,8,10
585.5,592.35,1,0,0.1,8,10
585.5,595.3,1,0,0.1,8,10
585.5,598.25,1,0,0.1,8,10
588.45,583.5,1,0,0.1,8,10
588.45,586.45,1,0,0.1,8,10
588.45,589.4,1,0,0.1,8,10
588.45,592.35,1,0,0.1,8,10
588.45,595.3,1,0,0.1,8,10
588.45,598.25,1,0,0.1,8,10
591.4,583.5,1,0,0.1,8,10
591.4,586.45,1,0,0.1,8,10
591.4,589.4,1,0,0.1,8,10
591.4,592.35,1,0,0.1,8,10
591.4,595.3,1,0,0.1,8,10
591.4,598.25,1,0,0.1,8,10
594.35,583.5,1,0,0.1,8,10
594.35,586.45,1,0,0.1,8,10
594.35,589.4,1,0,0.1,8,10
594.35,592.35,1,0,0.1,8,10
594.35,595.3,1,0,0.1,8,10
594.35,598.25,1,0,0.1,8,10
597.3,583.5,1,0,0.1,8,10
597.3,586.45,1,0,0.1,8,10
597.3,589.4,1,0,0.1,8,10
597.3,592.35,1,0,0.1,8,10
597.3,595.3,1,0,0.1,8,10
597.3,598.25,1,0,0.1,8,10
600.25,583.5,1,0,0.1,8,10
600.25,586.45,1,0,0.1,8,10
600.25,589.4,1,0,0.1,8,10
600.25,592.35,1,0,0.1,8,10
600.25,595.3,1,0,0.1,8,10
600.25,598.25,1,0,0.1,8,10
586.5,586.5,1,0,0.1,8,10
586.5,589.45,1,0,0.1,8,10
586.5,592.4,1,0,0.1,8,10
586.5,595.35,1,0,0.1,8,10
586.5,598.3,1,0,0.1,8,10
586.5,601.25,1,0,0.1,8,10
589.45,586.5,1,0,0.1,8,10
589.45,589.45,1,0,0.1,8,10
589.45,592.4,1,0,0.1,8,10
589.45,595.35,1,0,0.1,8,10
589.45,598.3,1,0,0.1,8,10
589.45,601.25,1,0,0.1,8,10
592.4,586.5,1,0,0.1,8,10
592.4,589.45,1,0,0.1,8,10
592.4,592.4,1,0,0.1,8,10
592.4,595.35,1,0,0.1,8,10
592.4,598.3,1,0,0.1,8,10
592.4,601.25,1,0,0.1,8,10
595.35,586.5,1,0,0.1,8,10
595.35,589.45,1,0,0.1,8,10
595.35,592.4,1,0,0.1,8,10
595.35,595.35,1,0,0.1,8,10
595.35,598.3,1,0,0.1,8,10
595.35,601.25,1,0,0.1,8,10
598.3,586.5,1,0,0.1,8,10
598.3,589.45,1,0,0.1,8,10
598.3,592.4,1,0,0.1,8,10
598.3,595.35,1,0,0.1,8,10
598.3,598.3,1,0,0.1,8,10
598.3,601.25,1,0,0.1,8,10
601.25,586.5,1,0,0.1,8,10
601.25,589.45,1,0,0.1,8,10
601.25,592.4,1,0,0.1,8,10
601.25,595.35,1,0,0.1,8,10
601.25,598.3,1,0,0.1,8,10
601.25,601.25,1,0,0.1,8,10
