288,641,-1,0,0.1,2,10
288,641,-1,0,0.1,2,10
288,641,-1,0,0.1,2,10
288,641,-1,0,0.1,2,10
288,643,-1,0,0.1,2,10
288,646,-1,0,0.1,2,10
289,651,-1,0,0.1,2,10
289,655,-1,0,0.1,2,10
289,659,-1,0,0.1,2,10
290,664,-1,0,0.1,2,10
290,668,-1,0,0.1,2,10
290,671,-1,0,0.1,2,10
290,674,-1,0,0.1,2,10
290,677,-1,0,0.1,2,10
290,680,-1,0,0.1,2,10
290,683,-1,0,0.1,2,10
290,687,-1,0,0.1,2,10
291,692,-1,0,0.1,2,10
291,697,-1,0,0.1,2,10
291,702,-1,0,0.1,2,10
292,707,-1,0,0.1,2,10
292,713,-1,0,0.1,2,10
292,719,-1,0,0.1,2,10
292,725,-1,0,0.1,2,10
293,730,-1,0,0.1,2,10
293,736,-1,0,0.1,2,10
293,742,-1,0,0.1,2,10
293,748,-1,0,0.1,2,10
294,755,-1,0,0.1,2,10
294,763,-1,0,0.1,2,10
294,770,-1,0,0.1,2,10
295,778,-1,0,0.1,2,10
295,785,-1,0,0.1,2,10
296,793,-1,0,0.1,2,10
296,800,-1,0,0.1,2,10
297,806,-1,0,0.1,2,10
297,810,-1,0,0.1,2,10
298,815,-1,0,0.1,2,10
298,820,-1,0,0.1,2,10
300,824,-1,0,0.1,2,10
302,828,-1,0,0.1,2,10
306,831,-1,0,0.1,2,10
312,833,-1,0,0.1,2,10
319,835,-1,0,0.1,2,10
330,837,-1,0,0.1,2,10
342,840,-1,0,0.1,2,10
357,842,-1,0,0.1,2,10
371,845,-1,0,0.1,2,10
384,847,-1,0,0.1,2,10
397,848,-1,0,0.1,2,10
408,850,-1,0,0.1,2,10
419,851,-1,0,0.1,2,10
428,852,-1,0,0.1,2,10
438,854,-1,0,0.1,2,10
449,855,-1,0,0.1,2,10
462,857,-1,0,0.1,2,10
474,858,-1,0,0.1,2,10
488,860,-1,0,0.1,2,10
501,861,-1,0,0.1,2,10
513,861,-1,0,0.1,2,10
526,862,-1,0,0.1,2,10
537,863,-1,0,0.1,2,10
548,864,-1,0,0.1,2,10
558,864,-1,0,0.1,2,10
568,865,-1,0,0.1,2,10
576,865,-1,0,0.1,2,10
584,865,-1,0,0.1,2,10
592,865,-1,0,0.1,2,10
601,865,-1,0,0.1,2,10
609,865,-1,0,0.1,2,10
617,865,-1,0,0.1,2,10
624,865,-1,0,0.1,2,10
633,865,-1,0,0.1,2,10
643,865,-1,0,0.1,2,10
651,865,-1,0,0.1,2,10
660,865,-1,0,0.1,2,10
668,865,-1,0,0.1,2,10
676,865,-1,0,0.1,2,10
684,865,-1,0,0.1,2,10
692,865,-1,0,0.1,2,10
699,865,-1,0,0.1,2,10
705,865,-1,0,0.1,2,10
712,865,-1,0,0.1,2,10
717,865,-1,0,0.1,2,10
723,865,-1,0,0.1,2,10
731,865,-1,0,0.1,2,10
739,865,-1,0,0.1,2,10
748,865,-1,0,0.1,2,10
757,866,-1,0,0.1,2,10
767,866,-1,0,0.1,2,10
777,867,-1,0,0.1,2,10
788,867,-1,0,0.1,2,10
799,867,-1,0,0.1,2,10
812,868,-1,0,0.1,2,10
822,868,-1,0,0.1,2,10
832,868,-1,0,0.1,2,10
841,868,-1,0,0.1,2,10
849,868,-1,0,0.1,2,10
857,868,-1,0,0.1,2,10
864,868,-1,0,0.1,2,10
872,867,-1,0,0.1,2,10
881,867,-1,0,0.1,2,10
890,867,-1,0,0.1,2,10
898,866,-1,0,0.1,2,10
906,866,-1,0,0.1,2,10
914,865,-1,0,0.1,2,10
922,865,-1,0,0.1,2,10
929,865,-1,0,0.1,2,10
937,865,-1,0,0.1,2,10
944,864,-1,0,0.1,2,10
950,864,-1,0,0.1,2,10
956,863,-1,0,0.1,2,10
962,863,-1,0,0.1,2,10
971,863,-1,0,0.1,2,10
980,863,-1,0,0.1,2,10
992,863,-1,0,0.1,2,10
1002,863,-1,0,0.1,2,10
1012,863,-1,0,0.1,2,10
1020,863,-1,0,0.1,2,10
1027,863,-1,0,0.1,2,10
1031,863,-1,0,0.1,2,10
1034,862,-1,0,0.1,2,10
1037,862,-1,0,0.1,2,10
1040,862,-1,0,0.1,2,10
1045,861,-1,0,0.1,2,10
1051,860,-1,0,0.1,2,10
1057,859,-1,0,0.1,2,10
1063,858,-1,0,0.1,2,10
1069,858,-1,0,0.1,2,10
1074,857,-1,0,0.1,2,10
1081,857,-1,0,0.1,2,10
1089,857,-1,0,0.1,2,10
1097,857,-1,0,0.1,2,10
1104,857,-1,0,0.1,2,10
1110,857,-1,0,0.1,2,10
1113,856,-1,0,0.1,2,10
1115,856,-1,0,0.1,2,10
1116,856,-1,0,0.1,2,10
1118,856,-1,0,0.1,2,10
1120,856,-1,0,0.1,2,10
1123,856,-1,0,0.1,2,10
1124,856,-1,0,0.1,2,10
1125,855,-1,0,0.1,2,10
1125,855,-1,0,0.1,2,10
1126,854,-1,0,0.1,2,10
1127,853,-1,0,0.1,2,10
1128,851,-1,0,0.1,2,10
1130,847,-1,0,0.1,2,10
1131,842,-1,0,0.1,2,10
1133,836,-1,0,0.1,2,10
1134,830,-1,0,0.1,2,10
1136,825,-1,0,0.1,2,10
1137,819,-1,0,0.1,2,10
1137,814,-1,0,0.1,2,10
1138,807,-1,0,0.1,2,10
1138,802,-1,0,0.1,2,10
1139,797,-1,0,0.1,2,10
1139,792,-1,0,0.1,2,10
1139,786,-1,0,0.1,2,10
1139,781,-1,0,0.1,2,10
1139,775,-1,0,0.1,2,10
1139,770,-1,0,0.1,2,10
1139,763,-1,0,0.1,2,10
1139,758,-1,0,0.1,2,10
1139,753,-1,0,0.1,2,10
1140,748,-1,0,0.1,2,10
1140,743,-1,0,0.1,2,10
1140,738,-1,0,0.1,2,10
1140,733,-1,0,0.1,2,10
1140,728,-1,0,0.1,2,10
1140,723,-1,0,0.1,2,10
1140,718,-1,0,0.1,2,10
1140,713,-1,0,0.1,2,10
1140,708,-1,0,0.1,2,10
1140,702,-1,0,0.1,2,10
1141,697,-1,0,0.1,2,10
1141,692,-1,0,0.1,2,10
1141,686,-1,0,0.1,2,10
1141,680,-1,0,0.1,2,10
1141,675,-1,0,0.1,2,10
1141,669,-1,0,0.1,2,10
1141,664,-1,0,0.1,2,10
1141,659,-1,0,0.1,2,10
1141,654,-1,0,0.1,2,10
1141,648,-1,0,0.1,2,10
1141,643,-1,0,0.1,2,10
1140,638,-1,0,0.1,2,10
1140,634,-1,0,0.1,2,10
1140,630,-1,0,0.1,2,10
1140,626,-1,0,0.1,2,10
1140,623,-1,0,0.1,2,10
1139,620,-1,0,0.1,2,10
1139,618,-1,0,0.1,2,10
1139,616,-1,0,0.1,2,10
1139,615,-1,0,0.1,2,10
1139,614,-1,0,0.1,2,10
1139,612,-1,0,0.1,2,10
1139,611,-1,0,0.1,2,10
1139,611,-1,0,0.1,2,10
1139,610,-1,0,0.1,2,10
1139,610,-1,0,0.1,2,10
1139,609,-1,0,0.1,2,10
1139,607,-1,0,0.1,2,10
1139,606,-1,0,0.1,2,10
1139,605,-1,0,0.1,2,10
1140,605,-1,0,0.1,2,10
1140,605,-1,0,0.1,2,10
1140,605,-1,0,0.1,2,10
1140,605,-1,0,0.1,2,10
1140,605,-1,0,0.1,2,10
1140,605,-1,0,0.1,2,10
1140,605,-1,0,0.1,2,10
1140,605,-1,0,0.1,2,10
700,621,-1,0,0.1,2,10
700,623,-1,0,0.1,2,10
700,626,-1,0,0.1,2,10
700,627,-1,0,0.1,2,10
700,629,-1,0,0.1,2,10
700,631,-1,0,0.1,2,10
700,632,-1,0,0.1,2,10
700,634,-1,0,0.1,2,10
700,637,-1,0,0.1,2,10
700,641,-1,0,0.1,2,10
700,644,-1,0,0.1,2,10
700,648,-1,0,0.1,2,10
700,651,-1,0,0.1,2,10
700,655,-1,0,0.1,2,10
700,660,-1,0,0.1,2,10
700,664,-1,0,0.1,2,10
700,668,-1,0,0.1,2,10
700,672,-1,0,0.1,2,10
700,677,-1,0,0.1,2,10
700,681,-1,0,0.1,2,10
700,686,-1,0,0.1,2,10
700,691,-1,0,0.1,2,10
700,695,-1,0,0.1,2,10
700,700,-1,0,0.1,2,10
700,705,-1,0,0.1,2,10
700,709,-1,0,0.1,2,10
699,714,-1,0,0.1,2,10
699,719,-1,0,0.1,2,10
699,724,-1,0,0.1,2,10
698,729,-1,0,0.1,2,10
698,733,-1,0,0.1,2,10
697,738,-1,0,0.1,2,10
697,742,-1,0,0.1,2,10
697,746,-1,0,0.1,2,10
696,750,-1,0,0.1,2,10
696,754,-1,0,0.1,2,10
696,758,-1,0,0.1,2,10
696,761,-1,0,0.1,2,10
696,764,-1,0,0.1,2,10
696,766,-1,0,0.1,2,10
696,769,-1,0,0.1,2,10
696,772,-1,0,0.1,2,10
696,775,-1,0,0.1,2,10
696,778,-1,0,0.1,2,10
696,780,-1,0,0.1,2,10
696,783,-1,0,0.1,2,10
696,786,-1,0,0.1,2,10
696,789,-1,0,0.1,2,10
696,791,-1,0,0.1,2,10
696,793,-1,0,0.1,2,10
696,795,-1,0,0.1,2,10
696,798,-1,0,0.1,2,10
696,800,-1,0,0.1,2,10
696,802,-1,0,0.1,2,10
696,805,-1,0,0.1,2,10
696,807,-1,0,0.1,2,10
696,809,-1,0,0.1,2,10
696,811,-1,0,0.1,2,10
696,813,-1,0,0.1,2,10
696,814,-1,0,0.1,2,10
696,816,-1,0,0.1,2,10
696,818,-1,0,0.1,2,10
696,821,-1,0,0.1,2,10
696,822,-1,0,0.1,2,10
696,825,-1,0,0.1,2,10
696,827,-1,0,0.1,2,10
696,828,-1,0,0.1,2,10
696,830,-1,0,0.1,2,10
696,832,-1,0,0.1,2,10
696,834,-1,0,0.1,2,10
696,836,-1,0,0.1,2,10
696,838,-1,0,0.1,2,10
696,839,-1,0,0.1,2,10
696,841,-1,0,0.1,2,10
696,843,-1,0,0.1,2,10
696,844,-1,0,0.1,2,10
696,845,-1,0,0.1,2,10
696,846,-1,0,0.1,2,10
696,847,-1,0,0.1,2,10
696,848,-1,0,0.1,2,10
696,849,-1,0,0.1,2,10
696,851,-1,0,0.1,2,10
696,851,-1,0,0.1,2,10
696,852,-1,0,0.1,2,10
696,852,-1,0,0.1,2,10
696,852,-1,0,0.1,2,10
696,852,-1,0,0.1,2,10
696,853,-1,0,0.1,2,10
696,854,-1,0,0.1,2,10
696,854,-1,0,0.1,2,10
696,854,-1,0,0.1,2,10
696,854,-1,0,0.1,2,10
696,854,-1,0,0.1,2,10
696,854,-1,0,0.1,2,10
696,854,-1,0,0.1,2,10
696,854,-1,0,0.1,2,10
696,854,-1,0,0.1,2,10
344.843,827.967,-1,0,1,1,10
350.503,830.23,-1,0,1,1,10
647.924,852.804,-1,0,1,1,10
660.012,853.049,-1,0,1,1,10
338.423,827.359,-1,0,1,1,10
498.684,843.75,-1,0,1,1,10
312.766,820.1,-1,0,1,1,10
362.222,830.738,-1,0,1,1,10
342.113,821.99,-1,0,1,1,10
514.063,849.239,-1,0,1,1,10
677.782,852.981,-1,0,1,1,10
570.751,852.81,-1,0,1,1,10
347.875,822.917,-1,0,1,1,10
360.191,824.683,-1,0,1,1,10
406.457,821.151,-1,0,1,1,10
551.935,852.203,-1,0,1,1,10
482.409,848.126,-1,0,1,1,10
408.244,837.726,-1,0,1,1,10
657.155,847.622,-1,0,1,1,10
639.688,835.856,-1,0,1,1,10
351.599,817.735,-1,0,1,1,10
356.385,829.523,-1,0,1,1,10
345.671,816.809,-1,0,1,1,10
439.243,841.71,-1,0,1,1,10
325.56,824.473,-1,0,1,1,10
368.005,832.529,-1,0,1,1,10
426.596,839.844,-1,0,1,1,10
445.29,842.77,-1,0,1,1,10
353.693,823.887,-1,0,1,1,10
323.664,818.165,-1,0,1,1,10
418.038,833.353,-1,0,1,1,10
336.317,821.073,-1,0,1,1,10
374.113,832.96,-1,0,1,1,10
391.005,836.872,-1,0,1,1,10
517.781,822.756,-1,0,1,1,10
457.391,846.078,-1,0,1,1,10
385.094,829.101,-1,0,1,1,10
379.78,834.955,-1,0,1,1,10
378.909,828.617,-1,0,1,1,10
386.082,834.561,-1,0,1,1,10
391.561,830.555,-1,0,1,1,10
414.32,838.792,-1,0,1,1,10
405.413,831.778,-1,0,1,1,10
396.041,835.349,-1,0,1,1,10
399.209,830.869,-1,0,1,1,10
420.642,838.853,-1,0,1,1,10
463.629,844.368,-1,0,1,1,10
530.48,834.368,-1,0,1,1,10
382.744,823.399,-1,0,1,1,10
402.257,836.645,-1,0,1,1,10
424.283,834.009,-1,0,1,1,10
558.087,851.92,-1,0,1,1,10
410.12,816.243,-1,0,1,1,10
436.795,835.702,-1,0,1,1,10
469.622,846.007,-1,0,1,1,10
505.665,833.217,-1,0,1,1,10
430.476,834.922,-1,0,1,1,10
433.143,840.631,-1,0,1,1,10
507.885,849.654,-1,0,1,1,10
517.528,844.498,-1,0,1,1,10
596.682,831.643,-1,0,1,1,10
442.931,836.7,-1,0,1,1,10
411.847,832.874,-1,0,1,1,10
440.763,830.768,-1,0,1,1,10
448.909,837.093,-1,0,1,1,10
504.9,843.994,-1,0,1,1,10
598.746,847.445,-1,0,1,1,10
654.605,842.002,-1,0,1,1,10
451.704,842.67,-1,0,1,1,10
488.57,848.025,-1,0,1,1,10
651.375,847.311,-1,0,1,1,10
676.618,823.172,-1,0,1,1,10
476.227,846.273,-1,0,1,1,10
470.306,800.374,-1,0,1,1,10
520.948,839.321,-1,0,1,1,10
539.268,850.963,-1,0,1,1,10
524.153,822.936,-1,0,1,1,10
372.503,827.323,-1,0,1,1,10
511.585,833.44,-1,0,1,1,10
612.762,853.199,-1,0,1,1,10
495.072,849.351,-1,0,1,1,10
508.208,838.5,-1,0,1,1,10
665.51,826.07,-1,0,1,1,10
492.001,809.434,-1,0,1,1,10
496.094,838.49,-1,0,1,1,10
527.531,817.75,-1,0,1,1,10
586.813,836.568,-1,0,1,1,10
631.312,829.635,-1,0,1,1,10
501.579,848.963,-1,0,1,1,10
526.463,849.992,-1,0,1,1,10
571.073,841.783,-1,0,1,1,10
653.386,825.219,-1,0,1,1,10
533.418,839.82,-1,0,1,1,10
545.415,851.862,-1,0,1,1,10
332.132,825.21,-1,0,1,1,10
542.731,846.033,-1,0,1,1,10
561.37,846.712,-1,0,1,1,10
663.622,820.504,-1,0,1,1,10
359.252,807.489,-1,0,1,1,10
520.244,850.336,-1,0,1,1,10
473.873,840.768,-1,0,1,1,10
657.336,820.019,-1,0,1,1,10
677.652,817.876,-1,0,1,1,10
502.297,838.566,-1,0,1,1,10
555.335,846.745,-1,0,1,1,10
548.841,846.635,-1,0,1,1,10
552.284,841.246,-1,0,1,1,10
576.985,841.722,-1,0,1,1,10
558.397,841.37,-1,0,1,1,10
564.522,852.669,-1,0,1,1,10
644.11,801.788,-1,0,1,1,10
662.999,847.695,-1,0,1,1,10
672.865,832.818,-1,0,1,1,10
576.819,852.78,-1,0,1,1,10
530.053,845.088,-1,0,1,1,10
673.053,815.742,-1,0,1,1,10
319.084,822.171,-1,0,1,1,10
614.887,844.277,-1,0,1,1,10
682.937,826.277,-1,0,1,1,10
655.674,830.649,-1,0,1,1,10
412.738,821.618,-1,0,1,1,10
623.878,852.256,-1,0,1,1,10
601.257,852.797,-1,0,1,1,10
642.255,841.346,-1,0,1,1,10
615.632,833.547,-1,0,1,1,10
579.977,846.968,-1,0,1,1,10
677.527,829.183,-1,0,1,1,10
658.181,836.452,-1,0,1,1,10
492.56,843.534,-1,0,1,1,10
580.683,836.38,-1,0,1,1,10
650.425,802.3,-1,0,1,1,10
629.515,852.723,-1,0,1,1,10
563.796,790.449,-1,0,1,1,10
607.117,853.096,-1,0,1,1,10
602.053,842.489,-1,0,1,1,10
582.708,852.702,-1,0,1,1,10
608.468,842.617,-1,0,1,1,10
647.317,825.008,-1,0,1,1,10
683.11,831.888,-1,0,1,1,10
683.069,814.176,-1,0,1,1,10
344.187,799.519,-1,0,1,1,10
682.896,808.135,-1,0,1,1,10
665.752,853.041,-1,0,1,1,10
653.764,852.965,-1,0,1,1,10
511.251,844.192,-1,0,1,1,10
633.786,835.377,-1,0,1,1,10
661.108,814.683,-1,0,1,1,10
669.223,848.06,-1,0,1,1,10
523.486,844.715,-1,0,1,1,10
645.299,847.04,-1,0,1,1,10
660.29,842.106,-1,0,1,1,10
661.491,831.277,-1,0,1,1,10
677.338,835.125,-1,0,1,1,10
438.446,824.861,-1,0,1,1,10
683.096,837.594,-1,0,1,1,10
648.447,841.937,-1,0,1,1,10
629.888,812.095,-1,0,1,1,10
635.667,852.834,-1,0,1,1,10
666.386,842.849,-1,0,1,1,10
682.997,853.454,-1,0,1,1,10
576.812,790.992,-1,0,1,1,10
555.504,835.776,-1,0,1,1,10
628.99,823.575,-1,0,1,1,10
641.906,852.581,-1,0,1,1,10
612.999,827.7,-1,0,1,1,10
636.356,841.144,-1,0,1,1,10
671.126,837.796,-1,0,1,1,10
672.276,852.829,-1,0,1,1,10
605.698,837.677,-1,0,1,1,10
659.663,825.451,-1,0,1,1,10
677.448,840.728,-1,0,1,1,10
645.736,836.219,-1,0,1,1,10
532.866,850.923,-1,0,1,1,10
617.863,851.748,-1,0,1,1,10
612.221,838.318,-1,0,1,1,10
664.378,837.213,-1,0,1,1,10
671.731,826.894,-1,0,1,1,10
682.872,843.015,-1,0,1,1,10
676.367,847.546,-1,0,1,1,10
639.196,847.034,-1,0,1,1,10
618.915,828.308,-1,0,1,1,10
633.117,847.153,-1,0,1,1,10
652.722,808.067,-1,0,1,1,10
652.147,836.397,-1,0,1,1,10
672.154,843.447,-1,0,1,1,10
641.289,824.533,-1,0,1,1,10
682.79,848.469,-1,0,1,1,10
630.489,841.081,-1,0,1,1,10
637.187,830.017,-1,0,1,1,10
648.797,813.484,-1,0,1,1,10
667.511,831.919,-1,0,1,1,10
649.655,830.592,-1,0,1,1,10
623.814,811.532,-1,0,1,1,10
611.364,848.118,-1,0,1,1,10
651.033,819.526,-1,0,1,1,10
643.31,830.383,-1,0,1,1,10
677.522,811.582,-1,0,1,1,10
627.058,846.672,-1,0,1,1,10
638.765,818.694,-1,0,1,1,10
644.939,819.065,-1,0,1,1,10
683.087,820.528,-1,0,1,1,10
621.552,834.173,-1,0,1,1,10
595.905,842.286,-1,0,1,1,10
620.666,846.2,-1,0,1,1,10
659.013,808.792,-1,0,1,1,10
567.622,847.197,-1,0,1,1,10
636.12,812.723,-1,0,1,1,10
624.393,840.744,-1,0,1,1,10
632.517,817.923,-1,0,1,1,10
586.056,847.352,-1,0,1,1,10
485.867,825.495,-1,0,1,1,10
604.825,847.845,-1,0,1,1,10
627.775,835.203,-1,0,1,1,10
546.07,840.891,-1,0,1,1,10
493.556,832.56,-1,0,1,1,10
609.537,832.573,-1,0,1,1,10
618.334,839.594,-1,0,1,1,10
524.351,833.984,-1,0,1,1,10
625.419,828.965,-1,0,1,1,10
634.846,824.051,-1,0,1,1,10
363.227,802.578,-1,0,1,1,10
536.325,845.572,-1,0,1,1,10
595.406,853.184,-1,0,1,1,10
588.856,852.791,-1,0,1,1,10
490.14,837.578,-1,0,1,1,10
409.029,826.804,-1,0,1,1,10
593.064,836.647,-1,0,1,1,10
549.449,835.494,-1,0,1,1,10
574.417,836.297,-1,0,1,1,10
561.724,835.923,-1,0,1,1,10
573.888,847.21,-1,0,1,1,10
395.826,825.631,-1,0,1,1,10
536.666,834.681,-1,0,1,1,10
640.096,807.119,-1,0,1,1,10
583.307,841.553,-1,0,1,1,10
592.585,847.604,-1,0,1,1,10
527.351,828.716,-1,0,1,1,10
603.048,831.945,-1,0,1,1,10
599.286,836.877,-1,0,1,1,10
589.625,841.907,-1,0,1,1,10
494.572,815.442,-1,0,1,1,10
543.211,835.079,-1,0,1,1,10
564.865,841.486,-1,0,1,1,10
316.292,809.836,-1,0,1,1,10
329.619,819.735,-1,0,1,1,10
574.878,825.131,-1,0,1,1,10
559.025,830.294,-1,0,1,1,10
565.057,830.318,-1,0,1,1,10
527.151,839.52,-1,0,1,1,10
577.581,830.875,-1,0,1,1,10
562.331,824.786,-1,0,1,1,10
414.091,811.133,-1,0,1,1,10
517.967,833.584,-1,0,1,1,10
448.436,820.117,-1,0,1,1,10
521.279,828.137,-1,0,1,1,10
610.18,821.706,-1,0,1,1,10
514.681,838.991,-1,0,1,1,10
568.208,836.126,-1,0,1,1,10
552.764,830.024,-1,0,1,1,10
331.819,797.424,-1,0,1,1,10
457.337,798.668,-1,0,1,1,10
501.138,816.298,-1,0,1,1,10
515.019,827.835,-1,0,1,1,10
514.445,817.148,-1,0,1,1,10
504.125,822.023,-1,0,1,1,10
571.512,830.552,-1,0,1,1,10
438.161,796.375,-1,0,1,1,10
663.318,803.422,-1,0,1,1,10
539.711,840.3,-1,0,1,1,10
321.625,805.881,-1,0,1,1,10
446.687,831.302,-1,0,1,1,10
490.558,820.545,-1,0,1,1,10
479.916,841.877,-1,0,1,1,10
530.493,823.215,-1,0,1,1,10
454.984,837.028,-1,0,1,1,10
375.919,805.032,-1,0,1,1,10
444.38,825.352,-1,0,1,1,10
411.574,805.508,-1,0,1,1,10
508.483,805.699,-1,0,1,1,10
374.253,816.247,-1,0,1,1,10
402.702,825.929,-1,0,1,1,10
461.012,821.674,-1,0,1,1,10
415.231,827.622,-1,0,1,1,10
310.964,814.011,-1,0,1,1,10
477.882,835.827,-1,0,1,1,10
458.096,841.474,-1,0,1,1,10
309.117,801.003,-1,0,1,1,10
461.785,837.849,-1,0,1,1,10
349.038,811.732,-1,0,1,1,10
447.318,802.942,-1,0,1,1,10
467.833,839.746,-1,0,1,1,10
354.546,795.09,-1,0,1,1,10
457.08,826.485,-1,0,1,1,10
401.103,809.664,-1,0,1,1,10
432.109,823.936,-1,0,1,1,10
322.364,811.769,-1,0,1,1,10
370.526,821.004,-1,0,1,1,10
423.117,817.638,-1,0,1,1,10
371.273,792.422,-1,0,1,1,10
360.819,796.275,-1,0,1,1,10
376.567,822.495,-1,0,1,1,10
382.118,806.301,-1,0,1,1,10
403.712,815.429,-1,0,1,1,10
352.995,806.589,-1,0,1,1,10
339.738,815.706,-1,0,1,1,10
444.5,797.006,-1,0,1,1,10
434.466,829.839,-1,0,1,1,10
328.107,807.79,-1,0,1,1,10
366.28,826.079,-1,0,1,1,10
333.336,803.653,-1,0,1,1,10
483.885,836.8,-1,0,1,1,10
317.428,816.005,-1,0,1,1,10
357.717,818.869,-1,0,1,1,10
452.837,831.585,-1,0,1,1,10
421.649,828.395,-1,0,1,1,10
367.128,797.472,-1,0,1,1,10
328.157,813.622,-1,0,1,1,10
378.131,811.09,-1,0,1,1,10
435.661,819.025,-1,0,1,1,10
373.47,798.719,-1,0,1,1,10
355.264,812.539,-1,0,1,1,10
450.488,825.833,-1,0,1,1,10
389.278,824.571,-1,0,1,1,10
335.91,809.55,-1,0,1,1,10
333.926,815.293,-1,0,1,1,10
337.951,798.57,-1,0,1,1,10
425.637,823.206,-1,0,1,1,10
339.949,804.444,-1,0,1,1,10
365.47,808.703,-1,0,1,1,10
419.223,822.654,-1,0,1,1,10
364.2,820.008,-1,0,1,1,10
346.633,805.435,-1,0,1,1,10
342.696,810.499,-1,0,1,1,10
595.486,803.657,-1,0,1,1,10
394.847,808.658,-1,0,1,1,10
357.078,801.291,-1,0,1,1,10
350.62,800.268,-1,0,1,1,10
579.082,808.411,-1,0,1,1,10
380.346,817.406,-1,0,1,1,10
405.139,804.647,-1,0,1,1,10
361.516,813.718,-1,0,1,1,10
390.868,813.38,-1,0,1,1,10
386.815,818.571,-1,0,1,1,10
372.081,809.886,-1,0,1,1,10
384.366,812.497,-1,0,1,1,10
369.601,803.647,-1,0,1,1,10
399.879,820.582,-1,0,1,1,10
388.38,807.544,-1,0,1,1,10
393.178,819.693,-1,0,1,1,10
420.493,811.74,-1,0,1,1,10
392.453,802.58,-1,0,1,1,10
367.951,814.927,-1,0,1,1,10
397.295,814.591,-1,0,1,1,10
429.442,818.218,-1,0,1,1,10
428.22,829.143,-1,0,1,1,10
465.695,833.507,-1,0,1,1,10
416.609,816.737,-1,0,1,1,10
459.26,832.394,-1,0,1,1,10
433.337,813.007,-1,0,1,1,10
463.153,827.482,-1,0,1,1,10
471.924,834.735,-1,0,1,1,10
566.287,807.821,-1,0,1,1,10
486.219,842.602,-1,0,1,1,10
473.68,823.611,-1,0,1,1,10
481.85,830.61,-1,0,1,1,10
469.452,828.629,-1,0,1,1,10
676.874,773.651,-1,0,1,1,10
497.245,827.185,-1,0,1,1,10
365.041,791.169,-1,0,1,1,10
508.83,827.669,-1,0,1,1,10
499.451,833.218,-1,0,1,1,10
487.607,831.557,-1,0,1,1,10
459.919,804.572,-1,0,1,1,10
475.67,829.668,-1,0,1,1,10
479.807,824.621,-1,0,1,1,10
343.103,781.316,-1,0,1,1,10
583.229,791.362,-1,0,1,1,10
645.553,790.348,-1,0,1,1,10
456.183,809.697,-1,0,1,1,10
449.855,808.831,-1,0,1,1,10
511.251,822.242,-1,0,1,1,10
603.925,821.103,-1,0,1,1,10
581.02,825.306,-1,0,1,1,10
331.92,784.748,-1,0,1,1,10
537.038,823.672,-1,0,1,1,10
618.514,799.631,-1,0,1,1,10
533.703,828.95,-1,0,1,1,10
671.578,793.127,-1,0,1,1,10
314.503,797.185,-1,0,1,1,10
570.187,790.74,-1,0,1,1,10
546.515,829.741,-1,0,1,1,10
491.722,826.389,-1,0,1,1,10
484.077,819.539,-1,0,1,1,10
676.479,786.842,-1,0,1,1,10
540.028,829.435,-1,0,1,1,10
601.799,803.984,-1,0,1,1,10
556.224,824.499,-1,0,1,1,10
521.11,817.444,-1,0,1,1,10
568.675,824.843,-1,0,1,1,10
631.228,800.681,-1,0,1,1,10
502.843,827.775,-1,0,1,1,10
656.15,785.761,-1,0,1,1,10
569.025,813.504,-1,0,1,1,10
559.464,819.007,-1,0,1,1,10
549.836,824.332,-1,0,1,1,10
479.133,807.46,-1,0,1,1,10
543.309,824.028,-1,0,1,1,10
453.652,803.839,-1,0,1,1,10
451.015,797.806,-1,0,1,1,10
656.835,803.003,-1,0,1,1,10
682.976,796.085,-1,0,1,1,10
562.948,813.257,-1,0,1,1,10
583.841,830.933,-1,0,1,1,10
661.032,797.721,-1,0,1,1,10
590.398,831.212,-1,0,1,1,10
578.363,819.631,-1,0,1,1,10
565.608,819.113,-1,0,1,1,10
682.839,789.715,-1,0,1,1,10
600.196,826.353,-1,0,1,1,10
585.42,808.692,-1,0,1,1,10
553.191,818.75,-1,0,1,1,10
621.147,805.574,-1,0,1,1,10
597.573,820.609,-1,0,1,1,10
615.775,793.606,-1,0,1,1,10
572.082,819.386,-1,0,1,1,10
669.793,787.13,-1,0,1,1,10
594.014,825.902,-1,0,1,1,10
588.314,814.38,-1,0,1,1,10
587.442,825.719,-1,0,1,1,10
598.352,809.209,-1,0,1,1,10
622.794,823.138,-1,0,1,1,10
584.683,819.904,-1,0,1,1,10
594.687,814.747,-1,0,1,1,10
682.642,783.477,-1,0,1,1,10
676.677,805.214,-1,0,1,1,10
602.714,792.571,-1,0,1,1,10
606.715,826.864,-1,0,1,1,10
648.043,796.382,-1,0,1,1,10
682.647,802.136,-1,0,1,1,10
604.539,809.754,-1,0,1,1,10
589.044,803.194,-1,0,1,1,10
677.353,793.114,-1,0,1,1,10
620.078,816.904,-1,0,1,1,10
605.515,798.457,-1,0,1,1,10
600.942,815.264,-1,0,1,1,10
682.723,776.968,-1,0,1,1,10
649.589,785.058,-1,0,1,1,10
591.802,808.979,-1,0,1,1,10
616.437,822.315,-1,0,1,1,10
670.145,821.092,-1,0,1,1,10
639.077,789.764,-1,0,1,1,10
632.583,789.269,-1,0,1,1,10
607.288,815.829,-1,0,1,1,10
643.04,784.399,-1,0,1,1,10
667.235,815.299,-1,0,1,1,10
610.915,810.522,-1,0,1,1,10
613.829,816.439,-1,0,1,1,10
658.567,791.61,-1,0,1,1,10
671.691,809.856,-1,0,1,1,10
674.612,799.093,-1,0,1,1,10
646.416,807.53,-1,0,1,1,10
665.222,809.214,-1,0,1,1,10
633.785,806.79,-1,0,1,1,10
613.035,787.56,-1,0,1,1,10
626.376,817.514,-1,0,1,1,10
654.616,797.051,-1,0,1,1,10
653.58,779.694,-1,0,1,1,10
652.011,790.991,-1,0,1,1,10
627.39,806.082,-1,0,1,1,10
641.634,795.798,-1,0,1,1,10
654.974,814.204,-1,0,1,1,10
628.624,794.698,-1,0,1,1,10
637.651,801.384,-1,0,1,1,10
642.604,813.177,-1,0,1,1,10
667.682,798.342,-1,0,1,1,10
622.054,794.133,-1,0,1,1,10
624.715,800.135,-1,0,1,1,10
635.121,795.213,-1,0,1,1,10
617.48,810.96,-1,0,1,1,10
591.106,820.309,-1,0,1,1,10
608.175,804.422,-1,0,1,1,10
612.098,799.005,-1,0,1,1,10
614.769,805.038,-1,0,1,1,10
626.037,788.693,-1,0,1,1,10
581.888,814.079,-1,0,1,1,10
636.459,783.739,-1,0,1,1,10
592.564,797.743,-1,0,1,1,10
596.318,792.197,-1,0,1,1,10
575.449,813.81,-1,0,1,1,10
619.417,788.05,-1,0,1,1,10
582.604,802.906,-1,0,1,1,10
497.335,821.051,-1,0,1,1,10
563.383,801.934,-1,0,1,1,10
647.025,778.957,-1,0,1,1,10
599.083,798.074,-1,0,1,1,10
507.807,816.902,-1,0,1,1,10
669.904,804.159,-1,0,1,1,10
579.722,796.769,-1,0,1,1,10
553.897,795.833,-1,0,1,1,10
472.852,806.407,-1,0,1,1,10
330.234,778.381,-1,0,1,1,10
356.11,783.586,-1,0,1,1,10
464.896,816.549,-1,0,1,1,10
445.96,814.225,-1,0,1,1,10
550.607,801.356,-1,0,1,1,10
586.883,785.737,-1,0,1,1,10
309.959,807.625,-1,0,1,1,10
348.204,794.146,-1,0,1,1,10
593.348,786.147,-1,0,1,1,10
572.691,808.044,-1,0,1,1,10
543.866,812.584,-1,0,1,1,10
439.436,813.699,-1,0,1,1,10
353.909,777.283,-1,0,1,1,10
475.264,812.287,-1,0,1,1,10
315.301,803.612,-1,0,1,1,10
335.948,792.306,-1,0,1,1,10
518.071,811.906,-1,0,1,1,10
454.546,820.903,-1,0,1,1,10
394.37,791.323,-1,0,1,1,10
589.799,791.595,-1,0,1,1,10
599.849,786.59,-1,0,1,1,10
466.471,805.423,-1,0,1,1,10
416.274,788.514,-1,0,1,1,10
326.997,801.707,-1,0,1,1,10
569.596,802.219,-1,0,1,1,10
471.244,817.533,-1,0,1,1,10
330.526,790.97,-1,0,1,1,10
452.094,814.783,-1,0,1,1,10
547.215,807.033,-1,0,1,1,10
576.257,802.402,-1,0,1,1,10
381.82,788.612,-1,0,1,1,10
442.086,819.512,-1,0,1,1,10
553.373,807.172,-1,0,1,1,10
345.334,787.631,-1,0,1,1,10
431.827,795.797,-1,0,1,1,10
556.909,801.665,-1,0,1,1,10
534.367,806.746,-1,0,1,1,10
443.505,808.335,-1,0,1,1,10
338.709,786.31,-1,0,1,1,10
379.803,800.056,-1,0,1,1,10
469.027,811.484,-1,0,1,1,10
586.11,797.212,-1,0,1,1,10
342.066,793.242,-1,0,1,1,10
426.825,812.391,-1,0,1,1,10
606.434,786.978,-1,0,1,1,10
430.641,807.075,-1,0,1,1,10
320.482,799.713,-1,0,1,1,10
319.582,793.262,-1,0,1,1,10
560.289,796.05,-1,0,1,1,10
424.473,806.504,-1,0,1,1,10
377.578,793.702,-1,0,1,1,10
398.798,803.748,-1,0,1,1,10
610.16,781.476,-1,0,1,1,10
440.95,802.14,-1,0,1,1,10
375.652,787.4,-1,0,1,1,10
407.791,810.378,-1,0,1,1,10
386.262,783.556,-1,0,1,1,10
396.398,797.565,-1,0,1,1,10
325.645,795.535,-1,0,1,1,10
409.102,799.619,-1,0,1,1,10
540.837,806.973,-1,0,1,1,10
406.576,793.783,-1,0,1,1,10
383.814,794.873,-1,0,1,1,10
386.171,801.312,-1,0,1,1,10
573.295,796.469,-1,0,1,1,10
415.248,800.064,-1,0,1,1,10
351.999,788.744,-1,0,1,1,10
402.582,798.705,-1,0,1,1,10
400.287,792.597,-1,0,1,1,10
417.967,805.9,-1,0,1,1,10
418.989,794.478,-1,0,1,1,10
388.192,789.827,-1,0,1,1,10
550.094,812.878,-1,0,1,1,10
412.883,794.068,-1,0,1,1,10
390.279,796.232,-1,0,1,1,10
421.627,800.616,-1,0,1,1,10
425.428,795.168,-1,0,1,1,10
428.066,801.024,-1,0,1,1,10
676.65,780.224,-1,0,1,1,10
437.171,807.711,-1,0,1,1,10
422.424,789.028,-1,0,1,1,10
434.52,801.627,-1,0,1,1,10
462.542,810.506,-1,0,1,1,10
458.563,815.801,-1,0,1,1,10
340.864,774.819,-1,0,1,1,10
467.294,822.711,-1,0,1,1,10
428.876,789.726,-1,0,1,1,10
537.56,812.217,-1,0,1,1,10
358.553,789.964,-1,0,1,1,10
410.321,788.27,-1,0,1,1,10
566.719,796.183,-1,0,1,1,10
349.642,782.435,-1,0,1,1,10
477.698,818.604,-1,0,1,1,10
404.512,781.379,-1,0,1,1,10
53.5,946.517,-1,0,1,1,10
665.25,792.347,-1,0,1,1,10
603.674,781.018,-1,0,1,1,10
504.97,811.062,-1,0,1,1,10
556.528,813.234,-1,0,1,1,10
488.303,814.469,-1,0,1,1,10
629.886,783.18,-1,0,1,1,10
533.98,817.985,-1,0,1,1,10
531.126,812.331,-1,0,1,1,10
515.646,794.909,-1,0,1,1,10
609.309,793.04,-1,0,1,1,10
616.691,782.001,-1,0,1,1,10
524.488,812.093,-1,0,1,1,10
511.376,811.506,-1,0,1,1,10
557.302,790.186,-1,0,1,1,10
544.189,801.278,-1,0,1,1,10
559.947,807.531,-1,0,1,1,10
481.631,813.544,-1,0,1,1,10
546.878,818.632,-1,0,1,1,10
540.376,818.231,-1,0,1,1,10
738.267,751.592,-1,0,0.8,3,10
742.276,760.404,-1,0,0.8,3,10
723.186,750.067,-1,0,0.8,3,10
792.119,854.978,-1,0,0.8,3,10
735.927,772.361,-1,0,0.8,3,10
715.184,852.353,-1,0,0.8,3,10
735.746,787.164,-1,0,0.8,3,10
709.064,843.364,-1,0,0.8,3,10
709.456,764.802,-1,0,0.8,3,10
709.479,757.19,-1,0,0.8,3,10
740.754,790.117,-1,0,0.8,3,10
730.632,846.216,-1,0,0.8,3,10
743.422,783.15,-1,0,0.8,3,10
708.698,816.507,-1,0,0.8,3,10
710,749.4,-1,0,0.8,3,10
730.691,751.618,-1,0,0.8,3,10
744.246,796.307,-1,0,0.8,3,10
717.176,745.616,-1,0,0.8,3,10
722.718,764.88,-1,0,0.8,3,10
708.524,837.83,-1,0,0.8,3,10
748.836,761.944,-1,0,0.8,3,10
709.158,794.655,-1,0,0.8,3,10
736.602,765.329,-1,0,0.8,3,10
709.347,772.341,-1,0,0.8,3,10
736.205,780.147,-1,0,0.8,3,10
708.753,809.229,-1,0,0.8,3,10
745.51,834.372,-1,0,0.8,3,10
720.511,841.061,-1,0,0.8,3,10
741.366,775.668,-1,0,0.8,3,10
709.232,855.077,-1,0,0.8,3,10
744.034,768.114,-1,0,0.8,3,10
735.435,757.699,-1,0,0.8,3,10
716.4,753.347,-1,0,0.8,3,10
721.768,801.447,-1,0,0.8,3,10
709.317,848.433,-1,0,0.8,3,10
727.945,852.676,-1,0,0.8,3,10
708.956,801.842,-1,0,0.8,3,10
721.415,852.352,-1,0,0.8,3,10
729.323,761.372,-1,0,0.8,3,10
716.522,846.586,-1,0,0.8,3,10
708.775,823.802,-1,0,0.8,3,10
726.2,805.481,-1,0,0.8,3,10
755.59,802.456,-1,0,0.8,3,10
756.643,853.029,-1,0,0.8,3,10
723.065,757.31,-1,0,0.8,3,10
709.286,779.758,-1,0,0.8,3,10
837.275,843.541,-1,0,0.8,3,10
714.872,840.228,-1,0,0.8,3,10
715.516,797.877,-1,0,0.8,3,10
740.28,852.435,-1,0,0.8,3,10
766.674,835.128,-1,0,0.8,3,10
752.339,853.701,-1,0,0.8,3,10
716.181,760.983,-1,0,0.8,3,10
715.132,804.795,-1,0,0.8,3,10
728.165,840.574,-1,0,0.8,3,10
777.098,854.391,-1,0,0.8,3,10
708.637,830.053,-1,0,0.8,3,10
734.172,852.524,-1,0,0.8,3,10
763.447,841.204,-1,0,0.8,3,10
746.191,852.487,-1,0,0.8,3,10
716.125,768.575,-1,0,0.8,3,10
724.063,846.21,-1,0,0.8,3,10
777.505,841.78,-1,0,0.8,3,10
752.024,847.123,-1,0,0.8,3,10
714.067,820.344,-1,0,0.8,3,10
712.886,833.789,-1,0,0.8,3,10
780.501,848.226,-1,0,0.8,3,10
742.069,828.315,-1,0,0.8,3,10
723.44,829.603,-1,0,0.8,3,10
718.599,834.091,-1,0,0.8,3,10
745.156,846.459,-1,0,0.8,3,10
763.056,853.773,-1,0,0.8,3,10
709.297,787.219,-1,0,0.8,3,10
737.7,846.188,-1,0,0.8,3,10
821.904,843.169,-1,0,0.8,3,10
752.145,834.724,-1,0,0.8,3,10
742.121,840.221,-1,0,0.8,3,10
759.465,847.142,-1,0,0.8,3,10
879.227,836.836,-1,0,0.8,3,10
799.318,854.523,-1,0,0.8,3,10
728.021,826.486,-1,0,0.8,3,10
748.657,840.542,-1,0,0.8,3,10
770.493,853.888,-1,0,0.8,3,10
806.643,855.858,-1,0,0.8,3,10
770.109,841.251,-1,0,0.8,3,10
755.947,841.035,-1,0,0.8,3,10
844.956,830.824,-1,0,0.8,3,10
821.599,855.565,-1,0,0.8,3,10
774.169,847.636,-1,0,0.8,3,10
784.443,854.779,-1,0,0.8,3,10
800.003,842.517,-1,0,0.8,3,10
788.12,848.826,-1,0,0.8,3,10
724.773,835.962,-1,0,0.8,3,10
766.66,847.558,-1,0,0.8,3,10
810.494,849.501,-1,0,0.8,3,10
825.183,849.185,-1,0,0.8,3,10
715.467,827.313,-1,0,0.8,3,10
803.471,849.016,-1,0,0.8,3,10
860.077,817.801,-1,0,0.8,3,10
818.338,849.201,-1,0,0.8,3,10
811.267,836.771,-1,0,0.8,3,10
814.34,855.469,-1,0,0.8,3,10
914.596,840.531,-1,0,0.8,3,10
844.591,855.64,-1,0,0.8,3,10
807.132,842.934,-1,0,0.8,3,10
814.551,843.221,-1,0,0.8,3,10
833.049,849.501,-1,0,0.8,3,10
829.069,855.587,-1,0,0.8,3,10
818.471,836.943,-1,0,0.8,3,10
840.518,849.496,-1,0,0.8,3,10
848.084,849.486,-1,0,0.8,3,10
836.836,855.645,-1,0,0.8,3,10
829.793,843.332,-1,0,0.8,3,10
844.759,843.622,-1,0,0.8,3,10
852.343,855.56,-1,0,0.8,3,10
860.288,855.301,-1,0,0.8,3,10
848.485,836.999,-1,0,0.8,3,10
876.101,842.876,-1,0,0.8,3,10
879.746,848.806,-1,0,0.8,3,10
868,843.248,-1,0,0.8,3,10
868.121,854.911,-1,0,0.8,3,10
876.219,854.867,-1,0,0.8,3,10
872.218,848.723,-1,0,0.8,3,10
894.724,835.815,-1,0,0.8,3,10
887.969,848.325,-1,0,0.8,3,10
856.045,849.491,-1,0,0.8,3,10
900.208,853.737,-1,0,0.8,3,10
875.23,817.773,-1,0,0.8,3,10
911.4,846.609,-1,0,0.8,3,10
892.225,854.202,-1,0,0.8,3,10
944.903,851.091,-1,0,0.8,3,10
891.474,842.088,-1,0,0.8,3,10
884.522,854.702,-1,0,0.8,3,10
859.786,830.76,-1,0,0.8,3,10
934.201,845.393,-1,0,0.8,3,10
852.092,843.254,-1,0,0.8,3,10
923.501,852.49,-1,0,0.8,3,10
938.234,851.827,-1,0,0.8,3,10
962.999,843.811,-1,0,0.8,3,10
936.993,838.714,-1,0,0.8,3,10
907.892,853.142,-1,0,0.8,3,10
995.314,811.352,-1,0,0.8,3,10
940.84,845.02,-1,0,0.8,3,10
895.589,848.091,-1,0,0.8,3,10
952.167,850.533,-1,0,0.8,3,10
980.959,824.662,-1,0,0.8,3,10
1014.09,850.054,-1,0,0.8,3,10
859.924,843.349,-1,0,0.8,3,10
966.582,850.468,-1,0,0.8,3,10
1090.79,843.905,-1,0,0.8,3,10
930.851,852.157,-1,0,0.8,3,10
898.677,841.582,-1,0,0.8,3,10
903.479,847.416,-1,0,0.8,3,10
1030.01,803.028,-1,0,0.8,3,10
1068.26,844.869,-1,0,0.8,3,10
960.248,805.203,-1,0,0.8,3,10
959.531,850.095,-1,0,0.8,3,10
1013.03,837.258,-1,0,0.8,3,10
985.231,843.853,-1,0,0.8,3,10
926.69,846.054,-1,0,0.8,3,10
915.584,852.525,-1,0,0.8,3,10
969.952,843.914,-1,0,0.8,3,10
1045.2,847.693,-1,0,0.8,3,10
958.626,837.54,-1,0,0.8,3,10
955.794,844.017,-1,0,0.8,3,10
1047.13,827.881,-1,0,0.8,3,10
1032.96,842.556,-1,0,0.8,3,10
1043.87,834.708,-1,0,0.8,3,10
948.137,844.5,-1,0,0.8,3,10
1121.57,814.695,-1,0,0.8,3,10
1029.72,849.298,-1,0,0.8,3,10
947.197,831.614,-1,0,0.8,3,10
943.938,838.275,-1,0,0.8,3,10
1038.53,815.643,-1,0,0.8,3,10
1060.84,845.375,-1,0,0.8,3,10
834.13,824.502,-1,0,0.8,3,10
974.018,850.308,-1,0,0.8,3,10
1113.94,829.55,-1,0,0.8,3,10
1111.35,836.06,-1,0,0.8,3,10
951.361,837.978,-1,0,0.8,3,10
1021.85,849.816,-1,0,0.8,3,10
1040.75,841.666,-1,0,0.8,3,10
1037.52,848.569,-1,0,0.8,3,10
1028.51,836.372,-1,0,0.8,3,10
1063.98,838.862,-1,0,0.8,3,10
1121.32,828.324,-1,0,0.8,3,10
1110.74,843.135,-1,0,0.8,3,10
992.08,818.021,-1,0,0.8,3,10
1039.75,828.754,-1,0,0.8,3,10
1075.25,831.861,-1,0,0.8,3,10
1105.02,843.987,-1,0,0.8,3,10
966.109,837.38,-1,0,0.8,3,10
1017.3,843.509,-1,0,0.8,3,10
1117.57,842.258,-1,0,0.8,3,10
1052.99,846.468,-1,0,0.8,3,10
1076.92,799.112,-1,0,0.8,3,10
1056.23,839.775,-1,0,0.8,3,10
985.037,831.053,-1,0,0.8,3,10
1087.09,837.54,-1,0,0.8,3,10
937.984,819.26,-1,0,0.8,3,10
1025.21,843.101,-1,0,0.8,3,10
1079.42,837.763,-1,0,0.8,3,10
1083.7,844.118,-1,0,0.8,3,10
988.556,824.661,-1,0,0.8,3,10
1042.88,821.824,-1,0,0.8,3,10
1065.56,806.623,-1,0,0.8,3,10
1098,843.637,-1,0,0.8,3,10
954.353,831.372,-1,0,0.8,3,10
981.69,850.211,-1,0,0.8,3,10
1123.77,821.134,-1,0,0.8,3,10
1048.28,840.696,-1,0,0.8,3,10
913.714,807.964,-1,0,0.8,3,10
1031.84,829.511,-1,0,0.8,3,10
1055.08,827.153,-1,0,0.8,3,10
1119.13,835.08,-1,0,0.8,3,10
1024.17,830.068,-1,0,0.8,3,10
1023.12,816.924,-1,0,0.8,3,10
1094.73,837.193,-1,0,0.8,3,10
1076.08,844.344,-1,0,0.8,3,10
998.79,804.567,-1,0,0.8,3,10
1036.21,835.678,-1,0,0.8,3,10
1102.62,837.119,-1,0,0.8,3,10
1071.71,838.36,-1,0,0.8,3,10
1051.55,833.856,-1,0,0.8,3,10
1016.25,830.575,-1,0,0.8,3,10
1106.32,830.316,-1,0,0.8,3,10
1082.84,831.315,-1,0,0.8,3,10
1020.7,836.839,-1,0,0.8,3,10
1030.84,816.284,-1,0,0.8,3,10
1070.86,825.749,-1,0,0.8,3,10
1067.49,832.356,-1,0,0.8,3,10
973.181,824.593,-1,0,0.8,3,10
1006.09,850.536,-1,0,0.8,3,10
977.437,830.883,-1,0,0.8,3,10
1009.53,843.858,-1,0,0.8,3,10
997.249,850.512,-1,0,0.8,3,10
977.772,844.02,-1,0,0.8,3,10
1008.49,830.994,-1,0,0.8,3,10
1027.48,823.223,-1,0,0.8,3,10
987.762,811.422,-1,0,0.8,3,10
973.657,837.539,-1,0,0.8,3,10
989.237,850.261,-1,0,0.8,3,10
961.901,831.105,-1,0,0.8,3,10
972.353,811.498,-1,0,0.8,3,10
950.179,825.041,-1,0,0.8,3,10
969.781,831.052,-1,0,0.8,3,10
939.689,832.084,-1,0,0.8,3,10
925.674,813.6,-1,0,0.8,3,10
918.901,846.326,-1,0,0.8,3,10
957.64,824.794,-1,0,0.8,3,10
929.746,839.367,-1,0,0.8,3,10
920.239,794.158,-1,0,0.8,3,10
864.072,849.139,-1,0,0.8,3,10
932.303,832.607,-1,0,0.8,3,10
942.709,825.375,-1,0,0.8,3,10
909.294,801.821,-1,0,0.8,3,10
919.811,827.138,-1,0,0.8,3,10
924.982,833.227,-1,0,0.8,3,10
922.13,840.027,-1,0,0.8,3,10
917.688,833.996,-1,0,0.8,3,10
887.057,836.343,-1,0,0.8,3,10
912.914,827.883,-1,0,0.8,3,10
906.723,841.099,-1,0,0.8,3,10
885.748,823.767,-1,0,0.8,3,10
890.339,810.129,-1,0,0.8,3,10
749.529,802.486,-1,0,0.8,3,10
910.167,834.52,-1,0,0.8,3,10
905.721,828.5,-1,0,0.8,3,10
888.452,817.156,-1,0,0.8,3,10
907.744,821.725,-1,0,0.8,3,10
896.796,796.426,-1,0,0.8,3,10
807.203,817.803,-1,0,0.8,3,10
883.508,842.516,-1,0,0.8,3,10
897.987,829.27,-1,0,0.8,3,10
902.323,835.22,-1,0,0.8,3,10
871.51,824.214,-1,0,0.8,3,10
841.148,824.521,-1,0,0.8,3,10
881.863,817.635,-1,0,0.8,3,10
874.856,830.702,-1,0,0.8,3,10
829.899,805.361,-1,0,0.8,3,10
841.51,837.269,-1,0,0.8,3,10
871.671,837.099,-1,0,0.8,3,10
856.154,837.01,-1,0,0.8,3,10
837.604,818.238,-1,0,0.8,3,10
833.936,837.241,-1,0,0.8,3,10
848.387,824.28,-1,0,0.8,3,10
837.708,830.754,-1,0,0.8,3,10
826.429,824.578,-1,0,0.8,3,10
826.127,837.204,-1,0,0.8,3,10
844.999,818.01,-1,0,0.8,3,10
830.254,830.799,-1,0,0.8,3,10
807.274,830.335,-1,0,0.8,3,10
814.719,830.573,-1,0,0.8,3,10
822.315,818.311,-1,0,0.8,3,10
822.628,830.859,-1,0,0.8,3,10
792.164,842.381,-1,0,0.8,3,10
784.803,842.412,-1,0,0.8,3,10
791.997,829.908,-1,0,0.8,3,10
818.854,824.515,-1,0,0.8,3,10
729.315,791.099,-1,0,0.8,3,10
788.566,836.21,-1,0,0.8,3,10
796.226,810.925,-1,0,0.8,3,10
803.762,836.572,-1,0,0.8,3,10
781.423,835.813,-1,0,0.8,3,10
759.758,835.062,-1,0,0.8,3,10
795.86,836.369,-1,0,0.8,3,10
795.796,848.664,-1,0,0.8,3,10
729.412,783.765,-1,0,0.8,3,10
777.399,829.178,-1,0,0.8,3,10
852.624,817.859,-1,0,0.8,3,10
773.995,835.378,-1,0,0.8,3,10
729.543,768.697,-1,0,0.8,3,10
734.619,839.811,-1,0,0.8,3,10
788.436,823.147,-1,0,0.8,3,10
770.445,829.011,-1,0,0.8,3,10
759.221,822.186,-1,0,0.8,3,10
738.636,833.945,-1,0,0.8,3,10
759.328,809.221,-1,0,0.8,3,10
748.755,828.213,-1,0,0.8,3,10
753.039,808.914,-1,0,0.8,3,10
715.957,776.067,-1,0,0.8,3,10
815.434,804.944,-1,0,0.8,3,10
763.238,828.705,-1,0,0.8,3,10
746.403,809.181,-1,0,0.8,3,10
730.785,833.272,-1,0,0.8,3,10
770.224,815.969,-1,0,0.8,3,10
738.412,821.636,-1,0,0.8,3,10
766.418,809.481,-1,0,0.8,3,10
732.582,821.285,-1,0,0.8,3,10
792.393,816.937,-1,0,0.8,3,10
799.722,817.336,-1,0,0.8,3,10
751.574,795.841,-1,0,0.8,3,10
715.743,790.804,-1,0,0.8,3,10
714.25,812.379,-1,0,0.8,3,10
735.06,827.782,-1,0,0.8,3,10
735.727,801.936,-1,0,0.8,3,10
720.767,823.442,-1,0,0.8,3,10
739.622,808.749,-1,0,0.8,3,10
755.896,815.743,-1,0,0.8,3,10
729.586,776.386,-1,0,0.8,3,10
722.352,794.52,-1,0,0.8,3,10
826.786,798.833,-1,0,0.8,3,10
719.682,816.25,-1,0,0.8,3,10
735.851,794.9,-1,0,0.8,3,10
715.86,783.387,-1,0,0.8,3,10
742.641,802.894,-1,0,0.8,3,10
756.074,828.782,-1,0,0.8,3,10
720.732,808.915,-1,0,0.8,3,10
722.699,787.303,-1,0,0.8,3,10
722.823,772.34,-1,0,0.8,3,10
726.654,812.719,-1,0,0.8,3,10
722.763,779.902,-1,0,0.8,3,10
726.499,819.431,-1,0,0.8,3,10
777.278,816.245,-1,0,0.8,3,10
745.131,821.953,-1,0,0.8,3,10
728.943,798.613,-1,0,0.8,3,10
734.431,814.97,-1,0,0.8,3,10
749.231,815.52,-1,0,0.8,3,10
741.851,815.277,-1,0,0.8,3,10
732.508,808.06,-1,0,0.8,3,10
752.639,822.226,-1,0,0.8,3,10
763.129,815.757,-1,0,0.8,3,10
766.464,822.49,-1,0,0.8,3,10
833.909,799.074,-1,0,0.8,3,10
773.719,822.651,-1,0,0.8,3,10
819.375,798.569,-1,0,0.8,3,10
781.077,822.854,-1,0,0.8,3,10
784.945,816.661,-1,0,0.8,3,10
784.91,829.577,-1,0,0.8,3,10
795.69,823.582,-1,0,0.8,3,10
799.671,830.292,-1,0,0.8,3,10
803.333,823.859,-1,0,0.8,3,10
810.966,824.107,-1,0,0.8,3,10
818.78,811.656,-1,0,0.8,3,10
814.895,818.041,-1,0,0.8,3,10
822.675,805.006,-1,0,0.8,3,10
825.954,811.682,-1,0,0.8,3,10
833.581,811.764,-1,0,0.8,3,10
830.059,818.2,-1,0,0.8,3,10
837.524,805.281,-1,0,0.8,3,10
841.325,811.71,-1,0,0.8,3,10
849.2,811.63,-1,0,0.8,3,10
856.204,824.275,-1,0,0.8,3,10
803.58,811.094,-1,0,0.8,3,10
852.431,830.771,-1,0,0.8,3,10
872.654,811.121,-1,0,0.8,3,10
863.807,837.159,-1,0,0.8,3,10
856.952,811.467,-1,0,0.8,3,10
867.603,830.739,-1,0,0.8,3,10
967.9,805.016,-1,0,0.8,3,10
882.631,830.583,-1,0,0.8,3,10
864.744,811.303,-1,0,0.8,3,10
878.733,824.188,-1,0,0.8,3,10
935.729,792.988,-1,0,0.8,3,10
845.409,805.367,-1,0,0.8,3,10
912.55,794.891,-1,0,0.8,3,10
863.732,824.322,-1,0,0.8,3,10
1018.73,810.529,-1,0,0.8,3,10
936.636,806.223,-1,0,0.8,3,10
853.224,805.057,-1,0,0.8,3,10
867.746,817.789,-1,0,0.8,3,10
999.583,817.903,-1,0,0.8,3,10
890.293,829.91,-1,0,0.8,3,10
781.356,809.943,-1,0,0.8,3,10
900.724,822.449,-1,0,0.8,3,10
872.681,797.894,-1,0,0.8,3,10
895.467,816.195,-1,0,0.8,3,10
893.186,823.159,-1,0,0.8,3,10
921.306,807.421,-1,0,0.8,3,10
915.121,820.969,-1,0,0.8,3,10
841.508,798.95,-1,0,0.8,3,10
902.947,815.481,-1,0,0.8,3,10
975.547,804.949,-1,0,0.8,3,10
927.357,826.55,-1,0,0.8,3,10
898.238,809.391,-1,0,0.8,3,10
910.676,814.744,-1,0,0.8,3,10
964.708,811.57,-1,0,0.8,3,10
922.749,820.286,-1,0,0.8,3,10
918.282,814.011,-1,0,0.8,3,10
930.323,819.739,-1,0,0.8,3,10
924.59,800.418,-1,0,0.8,3,10
945.588,818.755,-1,0,0.8,3,10
928.929,806.712,-1,0,0.8,3,10
935.118,825.777,-1,0,0.8,3,10
932.367,799.892,-1,0,0.8,3,10
953.315,818.462,-1,0,0.8,3,10
933.447,812.961,-1,0,0.8,3,10
956.978,811.769,-1,0,0.8,3,10
906.087,808.565,-1,0,0.8,3,10
960.996,818.215,-1,0,0.8,3,10
941.107,812.489,-1,0,0.8,3,10
916.89,801.03,-1,0,0.8,3,10
1003,811.158,-1,0,0.8,3,10
965.456,824.741,-1,0,0.8,3,10
949.038,812.143,-1,0,0.8,3,10
981.368,837.413,-1,0,0.8,3,10
952.427,805.471,-1,0,0.8,3,10
993.193,844.145,-1,0,0.8,3,10
976.669,818.139,-1,0,0.8,3,10
989.073,837.627,-1,0,0.8,3,10
1061.35,800.438,-1,0,0.8,3,10
1001.39,844.321,-1,0,0.8,3,10
984.409,818.116,-1,0,0.8,3,10
997.006,837.859,-1,0,0.8,3,10
996.314,824.604,-1,0,0.8,3,10
992.823,831.265,-1,0,0.8,3,10
980.052,811.517,-1,0,0.8,3,10
1005.06,837.623,-1,0,0.8,3,10
1057.89,807.313,-1,0,0.8,3,10
1004.1,824.452,-1,0,0.8,3,10
968.864,818.092,-1,0,0.8,3,10
1007.31,817.682,-1,0,0.8,3,10
1069.12,799.763,-1,0,0.8,3,10
1034.27,809.315,-1,0,0.8,3,10
1042.05,808.701,-1,0,0.8,3,10
1011.76,824.183,-1,0,0.8,3,10
1092.62,797.89,-1,0,0.8,3,10
1035.25,822.568,-1,0,0.8,3,10
1015.32,817.314,-1,0,0.8,3,10
1049.99,808.044,-1,0,0.8,3,10
1019.68,823.73,-1,0,0.8,3,10
1078.64,825.179,-1,0,0.8,3,10
1069.96,812.792,-1,0,0.8,3,10
1088.35,791.51,-1,0,0.8,3,10
1104,790.268,-1,0,0.8,3,10
1086.42,824.711,-1,0,0.8,3,10
1059.39,833.109,-1,0,0.8,3,10
1046.27,814.854,-1,0,0.8,3,10
994.542,797.82,-1,0,0.8,3,10
1098.6,830.688,-1,0,0.8,3,10
1000.62,831.247,-1,0,0.8,3,10
1058.57,820.417,-1,0,0.8,3,10
1125.57,793.039,-1,0,0.8,3,10
1124.57,807.885,-1,0,0.8,3,10
1073.4,805.972,-1,0,0.8,3,10
1090.66,830.936,-1,0,0.8,3,10
1113.66,815.888,-1,0,0.8,3,10
1116.87,822.47,-1,0,0.8,3,10
1062.91,826.463,-1,0,0.8,3,10
1074.34,819.045,-1,0,0.8,3,10
1119.2,789.137,-1,0,0.8,3,10
1063.7,779.756,-1,0,0.8,3,10
1124.1,800.385,-1,0,0.8,3,10
1094.25,824.354,-1,0,0.8,3,10
1109.2,809.874,-1,0,0.8,3,10
1109.67,823.318,-1,0,0.8,3,10
1089.28,804.86,-1,0,0.8,3,10
1082.21,818.5,-1,0,0.8,3,10
1108.11,796.69,-1,0,0.8,3,10
1102.01,823.87,-1,0,0.8,3,10
1062.01,813.448,-1,0,0.8,3,10
1097.89,817.558,-1,0,0.8,3,10
1116.99,808.807,-1,0,0.8,3,10
1096.83,804.269,-1,0,0.8,3,10
1093.61,811.132,-1,0,0.8,3,10
1100.43,797.276,-1,0,0.8,3,10
1112.48,802.813,-1,0,0.8,3,10
1105.79,816.897,-1,0,0.8,3,10
1084.85,798.475,-1,0,0.8,3,10
1090.06,818.026,-1,0,0.8,3,10
1104.75,803.613,-1,0,0.8,3,10
1101.33,810.622,-1,0,0.8,3,10
1117.18,796.594,-1,0,0.8,3,10
1081.31,805.292,-1,0,0.8,3,10
1125.42,785.101,-1,0,0.8,3,10
1085.76,811.679,-1,0,0.8,3,10
1054.22,814.121,-1,0,0.8,3,10
1050.71,821.079,-1,0,0.8,3,10
1077.82,812.216,-1,0,0.8,3,10
1066.5,819.669,-1,0,0.8,3,10
-nan(ind),-nan(ind),-1,0,0.1,0,10
-nan(ind),-nan(ind),-1,0,0.1,0,10
-nan(ind),-nan(ind),-1,0,0.1,0,10
-nan(ind),-nan(ind),-1,0,0.1,0,10
-nan(ind),-nan(ind),-1,0,0.1,0,10
-nan(ind),-nan(ind),-1,0,0.1,0,10
-nan(ind),-nan(ind),-1,0,0.1,0,10
-nan(ind),-nan(ind),-1,0,0.1,0,10
-nan(ind),-nan(ind),-1,0,0.1,0,10
-nan(ind),-nan(ind),-1,0,0.1,0,10
-nan(ind),-nan(ind),-1,0,0.1,0,10
-nan(ind),-nan(ind),-1,0,0.1,0,10
-nan(ind),-nan(ind),-1,0,0.1,0,10
-nan(ind),-nan(ind),-1,0,0.1,0,10
-nan(ind),-nan(ind),-1,0,0.1,0,10
-nan(ind),-nan(ind),-1,0,0.1,0,10
-nan(ind),-nan(ind),-1,0,0,5,10
-nan(ind),-nan(ind),-1,0,0,5,10
-nan(ind),-nan(ind),-1,0,0,5,10
-nan(ind),-nan(ind),-1,0,0,5,10
-nan(ind),-nan(ind),-1,0,0,5,10
-nan(ind),-nan(ind),-1,0,0,5,10
-nan(ind),-nan(ind),-1,0,0,5,10
-nan(ind),-nan(ind),-1,0,0,5,10
-nan(ind),-nan(ind),-1,0,0,5,10
-nan(ind),-nan(ind),-1,0,0,5,10
-nan(ind),-nan(ind),-1,0,0,5,10
-nan(ind),-nan(ind),-1,0,0,5,10
-nan(ind),-nan(ind),-1,0,0,5,10
-nan(ind),-nan(ind),-1,0,0,5,10
-nan(ind),-nan(ind),-1,0,0.1,6,10
-nan(ind),-nan(ind),-1,0,0.1,6,10
-nan(ind),-nan(ind),-1,0,0.1,6,10
-nan(ind),-nan(ind),-1,0,0.1,6,10
-nan(ind),-nan(ind),-1,0,0.1,6,10
-nan(ind),-nan(ind),-1,0,0.1,6,10
-nan(ind),-nan(ind),-1,0,0.1,6,10
-nan(ind),-nan(ind),-1,0,0.1,6,10
-nan(ind),-nan(ind),-1,0,0.1,6,10
-nan(ind),-nan(ind),-1,0,0.1,6,10
-nan(ind),-nan(ind),-1,0,0.1,6,10
-nan(ind),-nan(ind),-1,0,0.1,6,10
-nan(ind),-nan(ind),-1,0,0.1,6,10
-nan(ind),-nan(ind),-1,0,0.1,6,10
-nan(ind),-nan(ind),-1,0,0.1,6,10
-nan(ind),-nan(ind),-1,0,0.1,6,10
-nan(ind),-nan(ind),-1,0,0.1,6,10
-nan(ind),-nan(ind),-1,0,0.1,6,10
-nan(ind),-nan(ind),-1,0,0.1,6,10
-nan(ind),-nan(ind),-1,0,0.1,6,10
-nan(ind),-nan(ind),-1,0,0.1,6,10
-nan(ind),-nan(ind),-1,0,0.1,6,10
-nan(ind),-nan(ind),-1,0,0.1,6,10
-nan(ind),-nan(ind),-1,0,0.1,6,10
-nan(ind),-nan(ind),-1,0,0.1,6,10
-nan(ind),-nan(ind),-1,0,0.1,6,10
-nan(ind),-nan(ind),-1,0,0.1,6,10
-nan(ind),-nan(ind),-1,0,0.1,6,10
-nan(ind),-nan(ind),-1,0,0.1,6,10
-nan(ind),-nan(ind),-1,0,0.1,6,10
-nan(ind),-nan(ind),-1,0,0.1,6,10
-nan(ind),-nan(ind),-1,0,0.1,6,10
-nan(ind),-nan(ind),-1,0,0.1,6,10
-nan(ind),-nan(ind),-1,0,0.1,6,10
-nan(ind),-nan(ind),-1,0,0.1,6,10
-nan(ind),-nan(ind),-1,0,0.1,6,10
-nan(ind),-nan(ind),-1,0,0,5,10
-nan(ind),-nan(ind),-1,0,0,5,10
-nan(ind),-nan(ind),-1,0,0,5,10
-nan(ind),-nan(ind),-1,0,0,5,10
-nan(ind),-nan(ind),-1,0,0,5,10
-nan(ind),-nan(ind),-1,0,0,5,10
-nan(ind),-nan(ind),-1,0,0,5,10
-nan(ind),-nan(ind),-1,0,0,5,10
-nan(ind),-nan(ind),-1,0,0,5,10
-nan(ind),-nan(ind),-1,0,0,5,10
-nan(ind),-nan(ind),-1,0,0,5,10
-nan(ind),-nan(ind),-1,0,0,5,10
-nan(ind),-nan(ind),-1,0,0,5,10
-nan(ind),-nan(ind),-1,0,0,5,10
-nan(ind),-nan(ind),-1,0,0.1,0,10
-nan(ind),-nan(ind),-1,0,0.1,0,10
-nan(ind),-nan(ind),-1,0,0.1,0,10
-nan(ind),-nan(ind),-1,0,0.1,0,10
-nan(ind),-nan(ind),-1,0,0.1,0,10
-nan(ind),-nan(ind),-1,0,0.1,0,10
-nan(ind),-nan(ind),-1,0,0.1,0,10
-nan(ind),-nan(ind),-1,0,0.1,0,10
-nan(ind),-nan(ind),-1,0,0.1,0,10
-nan(ind),-nan(ind),-1,0,0.1,0,10
-nan(ind),-nan(ind),-1,0,0.1,0,10
-nan(ind),-nan(ind),-1,0,0.1,0,10
-nan(ind),-nan(ind),-1,0,0.1,0,10
-nan(ind),-nan(ind),-1,0,0.1,0,10
379.978,782.258,-1,0,1,1,10
336.592,779.914,-1,0,1,1,10
547.44,795.606,-1,0,1,1,10
660.168,780.409,-1,0,1,1,10
334.419,773.449,-1,0,1,1,10
425.985,783.666,-1,0,1,1,10
412.437,782.456,-1,0,1,1,10
432.457,784.218,-1,0,1,1,10
338.639,768.348,-1,0,1,1,10
392.525,784.908,-1,0,1,1,10
509.633,794.43,-1,0,1,1,10
476.622,801.278,-1,0,1,1,10
439.02,784.839,-1,0,1,1,10
435.325,790.262,-1,0,1,1,10
463.901,799.438,-1,0,1,1,10
454.843,792.515,-1,0,1,1,10
498.319,810.337,-1,0,1,1,10
485.631,808.479,-1,0,1,1,10
505.81,799.675,-1,0,1,1,10
502.232,805.143,-1,0,1,1,10
514.941,806.27,-1,0,1,1,10
521.465,806.434,-1,0,1,1,10
528.005,806.619,-1,0,1,1,10
537.813,801.151,-1,0,1,1,10
518.507,800.668,-1,0,1,1,10
541.061,795.381,-1,0,1,1,10
499.628,798.96,-1,0,1,1,10
544.259,789.678,-1,0,1,1,10
495.847,804.213,-1,0,1,1,10
573.731,785.064,-1,0,1,1,10
664.321,775.192,-1,0,1,1,10
662.851,786.471,-1,0,1,1,10
594.202,774.414,-1,0,1,1,10
567.326,784.729,-1,0,1,1,10
534.69,795.228,-1,0,1,1,10
590.54,780.077,-1,0,1,1,10
471.617,788.929,-1,0,1,1,10
550.782,789.909,-1,0,1,1,10
503.434,793.666,-1,0,1,1,10
657.723,774.282,-1,0,1,1,10
671.161,776.365,-1,0,1,1,10
531.438,800.971,-1,0,1,1,10
677.111,767.088,-1,0,1,1,10
682.864,770.356,-1,0,1,1,10
429.55,778.152,-1,0,1,1,10
597.074,780.548,-1,0,1,1,10
666.929,781.344,-1,0,1,1,10
623.333,782.612,-1,0,1,1,10
583.994,779.679,-1,0,1,1,10
600.695,774.931,-1,0,1,1,10
580.362,785.346,-1,0,1,1,10
620.551,776.489,-1,0,1,1,10
560.777,784.494,-1,0,1,1,10
554.226,784.257,-1,0,1,1,10
551.01,778.278,-1,0,1,1,10
577.406,779.376,-1,0,1,1,10
521.842,795.153,-1,0,1,1,10
512.093,800.295,-1,0,1,1,10
528.358,795.151,-1,0,1,1,10
524.962,800.857,-1,0,1,1,10
480.673,796.065,-1,0,1,1,10
482.954,802.279,-1,0,1,1,10
486.85,797.006,-1,0,1,1,10
489.437,803.266,-1,0,1,1,10
452.122,786.401,-1,0,1,1,10
461.196,793.353,-1,0,1,1,10
474.232,795.105,-1,0,1,1,10
467.728,794.212,-1,0,1,1,10
422.981,777.593,-1,0,1,1,10
448.426,791.728,-1,0,1,1,10
493.334,798.039,-1,0,1,1,10
441.773,790.966,-1,0,1,1,10
397.682,780.043,-1,0,1,1,10
404.521,787.691,-1,0,1,1,10
306.895,766.684,-1,0,1,1,10
419.274,782.969,-1,0,1,1,10
384.443,777.222,-1,0,1,1,10
373.556,780.966,-1,0,1,1,10
362.663,766.912,-1,0,1,1,10
398.541,786.207,-1,0,1,1,10
391.007,778.63,-1,0,1,1,10
347.419,776.086,-1,0,1,1,10
442.863,779.473,-1,0,1,1,10
369.251,786.046,-1,0,1,1,10
377.968,775.897,-1,0,1,1,10
362.661,784.869,-1,0,1,1,10
426.626,772.083,-1,0,1,1,10
351.698,770.866,-1,0,1,1,10
307.882,787.493,-1,0,1,1,10
313.921,790.372,-1,0,1,1,10
356.13,765.639,-1,0,1,1,10
345.129,769.61,-1,0,1,1,10
319.184,786.561,-1,0,1,1,10
308.64,794.304,-1,0,1,1,10
409.206,776.536,-1,0,1,1,10
360.425,778.482,-1,0,1,1,10
325.225,782.92,-1,0,1,1,10
324.844,789.232,-1,0,1,1,10
501.195,787.268,-1,0,1,1,10
349.533,764.406,-1,0,1,1,10
307.559,780.553,-1,0,1,1,10
313.319,783.719,-1,0,1,1,10
402.342,775.218,-1,0,1,1,10
395.652,773.784,-1,0,1,1,10
358.252,772.021,-1,0,1,1,10
367.035,779.752,-1,0,1,1,10
364.777,773.288,-1,0,1,1,10
371.427,774.602,-1,0,1,1,10
336.251,761.853,-1,0,1,1,10
375.908,769.505,-1,0,1,1,10
389.07,772.288,-1,0,1,1,10
391.648,760.787,-1,0,1,1,10
449.377,780.213,-1,0,1,1,10
436.207,778.776,-1,0,1,1,10
455.889,781.019,-1,0,1,1,10
445.583,785.63,-1,0,1,1,10
465.248,788.07,-1,0,1,1,10
458.628,787.146,-1,0,1,1,10
478.046,789.815,-1,0,1,1,10
484.49,790.704,-1,0,1,1,10
495.119,786.295,-1,0,1,1,10
490.829,791.736,-1,0,1,1,10
507.113,788.277,-1,0,1,1,10
497.239,792.635,-1,0,1,1,10
518.967,789.203,-1,0,1,1,10
513.023,788.872,-1,0,1,1,10
517.337,777.044,-1,0,1,1,10
531.432,789.275,-1,0,1,1,10
544.487,777.981,-1,0,1,1,10
537.825,789.448,-1,0,1,1,10
547.958,772.338,-1,0,1,1,10
547.666,783.979,-1,0,1,1,10
584.653,767.853,-1,0,1,1,10
557.6,778.512,-1,0,1,1,10
574.891,761.447,-1,0,1,1,10
564.162,778.758,-1,0,1,1,10
570.823,779.031,-1,0,1,1,10
581.017,773.617,-1,0,1,1,10
604.472,769.211,-1,0,1,1,10
587.599,774.007,-1,0,1,1,10
591.217,768.335,-1,0,1,1,10
656.411,756.327,-1,0,1,1,10
597.935,768.764,-1,0,1,1,10
607.292,775.36,-1,0,1,1,10
574.39,773.312,-1,0,1,1,10
624.424,770.927,-1,0,1,1,10
473.044,777.333,-1,0,1,1,10
614.012,775.914,-1,0,1,1,10
611.081,769.787,-1,0,1,1,10
670.518,757.459,-1,0,1,1,10
671.667,764.102,-1,0,1,1,10
682.839,763.637,-1,0,1,1,10
479.516,778.249,-1,0,1,1,10
443.836,767.823,-1,0,1,1,10
567.792,773.024,-1,0,1,1,10
668.694,770.07,-1,0,1,1,10
637.646,772.132,-1,0,1,1,10
631.01,771.5,-1,0,1,1,10
633.727,777.641,-1,0,1,1,10
627.119,777.056,-1,0,1,1,10
617.811,770.298,-1,0,1,1,10
640.4,778.31,-1,0,1,1,10
651.058,773.539,-1,0,1,1,10
644.308,772.855,-1,0,1,1,10
625.502,759.056,-1,0,1,1,10
628.29,765.309,-1,0,1,1,10
648.311,767.378,-1,0,1,1,10
665.577,763.411,-1,0,1,1,10
588.351,762.152,-1,0,1,1,10
653.663,750,-1,0,1,1,10
561.172,772.744,-1,0,1,1,10
554.485,772.507,-1,0,1,1,10
499.492,781.036,-1,0,1,1,10
506.317,781.889,-1,0,1,1,10
514.397,771.043,-1,0,1,1,10
513.431,782.533,-1,0,1,1,10
469.095,782.721,-1,0,1,1,10
475.528,783.568,-1,0,1,1,10
510.544,776.531,-1,0,1,1,10
482.025,784.494,-1,0,1,1,10
453.272,774.808,-1,0,1,1,10
459.774,775.624,-1,0,1,1,10
466.482,776.496,-1,0,1,1,10
462.469,781.828,-1,0,1,1,10
413.33,771.111,-1,0,1,1,10
440.022,773.31,-1,0,1,1,10
423.777,765.941,-1,0,1,1,10
446.629,774.025,-1,0,1,1,10
378.347,757.944,-1,0,1,1,10
393.56,767.306,-1,0,1,1,10
420.07,771.526,-1,0,1,1,10
416.154,777.066,-1,0,1,1,10
400.023,768.832,-1,0,1,1,10
380.375,764.372,-1,0,1,1,10
406.654,770.264,-1,0,1,1,10
387.066,765.81,-1,0,1,1,10
356.007,747.34,-1,0,1,1,10
382.435,770.824,-1,0,1,1,10
333.813,755.483,-1,0,1,1,10
367.156,761.721,-1,0,1,1,10
313.097,776.896,-1,0,1,1,10
318.806,780.109,-1,0,1,1,10
312.794,769.953,-1,0,1,1,10
353.816,759.14,-1,0,1,1,10
318.579,773.087,-1,0,1,1,10
342.881,763.131,-1,0,1,1,10
369.247,768.187,-1,0,1,1,10
332.054,766.884,-1,0,1,1,10
420.553,759.767,-1,0,1,1,10
327.955,771.734,-1,0,1,1,10
307.205,773.547,-1,0,1,1,10
433.272,772.656,-1,0,1,1,10
447.677,762.317,-1,0,1,1,10
373.806,763.05,-1,0,1,1,10
457.17,769.374,-1,0,1,1,10
404.427,763.79,-1,0,1,1,10
463.757,770.24,-1,0,1,1,10
450.428,768.563,-1,0,1,1,10
477.028,771.984,-1,0,1,1,10
470.403,771.069,-1,0,1,1,10
483.609,772.914,-1,0,1,1,10
486.105,779.139,-1,0,1,1,10
490.222,773.879,-1,0,1,1,10
488.634,785.462,-1,0,1,1,10
376.282,751.417,-1,0,1,1,10
492.819,780.113,-1,0,1,1,10
461.086,763.925,-1,0,1,1,10
520.604,783.009,-1,0,1,1,10
398.111,762.285,-1,0,1,1,10
496.917,774.829,-1,0,1,1,10
481.034,766.589,-1,0,1,1,10
551.413,766.474,-1,0,1,1,10
347.23,757.884,-1,0,1,1,10
534.289,783.591,-1,0,1,1,10
676.074,753.202,-1,0,1,1,10
524.993,789.363,-1,0,1,1,10
494.34,768.546,-1,0,1,1,10
564.671,766.953,-1,0,1,1,10
661.834,768.951,-1,0,1,1,10
614.895,764.138,-1,0,1,1,10
437.128,767.157,-1,0,1,1,10
527.568,783.45,-1,0,1,1,10
676.869,760.095,-1,0,1,1,10
659.037,762.58,-1,0,1,1,10
469.139,752.95,-1,0,1,1,10
503.707,775.764,-1,0,1,1,10
668.703,739.729,-1,0,1,1,10
578.008,767.514,-1,0,1,1,10
413.688,759.105,-1,0,1,1,10
403.235,757.309,-1,0,1,1,10
558.009,766.708,-1,0,1,1,10
682.779,756.937,-1,0,1,1,10
660.365,750.807,-1,0,1,1,10
571.326,767.195,-1,0,1,1,10
636.108,754.119,-1,0,1,1,10
601.592,763.033,-1,0,1,1,10
385.011,759.349,-1,0,1,1,10
605.352,757.317,-1,0,1,1,10
672.925,734.202,-1,0,1,1,10
594.929,762.61,-1,0,1,1,10
410.621,764.954,-1,0,1,1,10
465.093,758.436,-1,0,1,1,10
682.791,750.335,-1,0,1,1,10
632.138,759.708,-1,0,1,1,10
340.504,756.639,-1,0,1,1,10
454.353,763.124,-1,0,1,1,10
571.82,755.29,-1,0,1,1,10
671.073,746.128,-1,0,1,1,10
351.603,752.587,-1,0,1,1,10
389.684,754.301,-1,0,1,1,10
683.723,743.382,-1,0,1,1,10
634.893,765.943,-1,0,1,1,10
371.701,756.559,-1,0,1,1,10
527.937,771.78,-1,0,1,1,10
677.374,739.504,-1,0,1,1,10
598.731,756.839,-1,0,1,1,10
365.016,755.199,-1,0,1,1,10
507.75,770.377,-1,0,1,1,10
663.153,757.147,-1,0,1,1,10
608.314,763.567,-1,0,1,1,10
467.718,764.774,-1,0,1,1,10
428.196,748.47,-1,0,1,1,10
652.33,761.835,-1,0,1,1,10
667.18,751.591,-1,0,1,1,10
451.596,756.818,-1,0,1,1,10
615.899,752.18,-1,0,1,1,10
474.436,765.681,-1,0,1,1,10
633.307,747.796,-1,0,1,1,10
641.649,766.657,-1,0,1,1,10
541.322,772.095,-1,0,1,1,10
561.582,760.853,-1,0,1,1,10
538.163,766.169,-1,0,1,1,10
508.885,758.483,-1,0,1,1,10
541.081,783.715,-1,0,1,1,10
677.558,746.39,-1,0,1,1,10
544.787,766.346,-1,0,1,1,10
427.336,760.302,-1,0,1,1,10
568.734,749.112,-1,0,1,1,10
478.439,760.245,-1,0,1,1,10
655.019,768.088,-1,0,1,1,10
440.92,761.614,-1,0,1,1,10
487.681,767.576,-1,0,1,1,10
471.741,759.31,-1,0,1,1,10
621.643,764.706,-1,0,1,1,10
551.693,754.464,-1,0,1,1,10
505.038,764.028,-1,0,1,1,10
683.623,736.419,-1,0,1,1,10
618.805,758.474,-1,0,1,1,10
458.35,757.63,-1,0,1,1,10
524.23,777.485,-1,0,1,1,10
644.062,742.823,-1,0,1,1,10
612.056,757.892,-1,0,1,1,10
548.208,760.408,-1,0,1,1,10
535.081,760.094,-1,0,1,1,10
537.805,777.891,-1,0,1,1,10
558.365,754.722,-1,0,1,1,10
630.335,741.471,-1,0,1,1,10
585.336,755.962,-1,0,1,1,10
565.147,754.957,-1,0,1,1,10
664.418,745.245,-1,0,1,1,10
654.949,737.973,-1,0,1,1,10
592.022,756.373,-1,0,1,1,10
657.655,744.419,-1,0,1,1,10
645.628,761.121,-1,0,1,1,10
638.842,760.377,-1,0,1,1,10
648.103,737.198,-1,0,1,1,10
568.279,761.109,-1,0,1,1,10
530.955,777.745,-1,0,1,1,10
595.768,750.57,-1,0,1,1,10
619.785,746.462,-1,0,1,1,10
581.61,761.743,-1,0,1,1,10
641.22,736.458,-1,0,1,1,10
666.006,733.283,-1,0,1,1,10
650.856,743.6,-1,0,1,1,10
53.5,939.61,-1,0,1,1,10
623.489,740.599,-1,0,1,1,10
534.559,771.974,-1,0,1,1,10
661.815,738.841,-1,0,1,1,10
629.429,753.445,-1,0,1,1,10
606.28,745.187,-1,0,1,1,10
646.874,749.174,-1,0,1,1,10
649.655,755.524,-1,0,1,1,10
642.849,754.837,-1,0,1,1,10
545.056,742.103,-1,0,1,1,10
592.781,744.275,-1,0,1,1,10
491.692,762.177,-1,0,1,1,10
640.047,748.496,-1,0,1,1,10
602.449,751.035,-1,0,1,1,10
637.204,742.131,-1,0,1,1,10
582.269,749.774,-1,0,1,1,10
616.563,739.905,-1,0,1,1,10
626.527,747.112,-1,0,1,1,10
599.559,744.77,-1,0,1,1,10
634.286,735.773,-1,0,1,1,10
485.071,761.18,-1,0,1,1,10
429.148,736.512,-1,0,1,1,10
609.209,751.611,-1,0,1,1,10
501.01,769.494,-1,0,1,1,10
613.061,745.865,-1,0,1,1,10
622.623,752.803,-1,0,1,1,10
596.588,738.473,-1,0,1,1,10
545.078,754.306,-1,0,1,1,10
518.163,765.391,-1,0,1,1,10
475.802,753.842,-1,0,1,1,10
555.577,736.449,-1,0,1,1,10
541.654,760.304,-1,0,1,1,10
578.542,755.601,-1,0,1,1,10
498.017,744.576,-1,0,1,1,10
589.022,750.123,-1,0,1,1,10
554.92,760.622,-1,0,1,1,10
579.206,743.546,-1,0,1,1,10
538.502,754.227,-1,0,1,1,10
511.56,764.811,-1,0,1,1,10
493.334,750.242,-1,0,1,1,10
524.793,765.794,-1,0,1,1,10
521.143,771.478,-1,0,1,1,10
531.24,741.361,-1,0,1,1,10
575.454,749.412,-1,0,1,1,10
531.522,765.974,-1,0,1,1,10
449.978,738.578,-1,0,1,1,10
555.139,748.55,-1,0,1,1,10
519.15,753.393,-1,0,1,1,10
558.753,742.623,-1,0,1,1,10
528.505,759.936,-1,0,1,1,10
515.292,759.157,-1,0,1,1,10
491.109,743.761,-1,0,1,1,10
531.992,753.969,-1,0,1,1,10
521.918,759.657,-1,0,1,1,10
322.25,739.751,-1,0,1,1,10
561.946,748.835,-1,0,1,1,10
473.224,747.423,-1,0,1,1,10
569.161,736.982,-1,0,1,1,10
565.527,742.935,-1,0,1,1,10
489.157,755.739,-1,0,1,1,10
525.421,753.729,-1,0,1,1,10
502.383,757.684,-1,0,1,1,10
498.366,763.157,-1,0,1,1,10
312.292,742.495,-1,0,1,1,10
371.965,738.225,-1,0,1,1,10
306.359,746.189,-1,0,1,1,10
346.852,739.492,-1,0,1,1,10
479.929,748.311,-1,0,1,1,10
455.587,751.294,-1,0,1,1,10
499.791,751.148,-1,0,1,1,10
551.877,742.347,-1,0,1,1,10
462.379,752.108,-1,0,1,1,10
319.22,759.603,-1,0,1,1,10
306.956,759.81,-1,0,1,1,10
338.057,750.175,-1,0,1,1,10
541.363,747.974,-1,0,1,1,10
459.638,745.749,-1,0,1,1,10
430.342,766.496,-1,0,1,1,10
524.312,740.892,-1,0,1,1,10
506.236,752.074,-1,0,1,1,10
482.501,754.763,-1,0,1,1,10
395.227,731.093,-1,0,1,1,10
353.714,740.746,-1,0,1,1,10
434.144,760.956,-1,0,1,1,10
495.318,738.183,-1,0,1,1,10
527.465,747.149,-1,0,1,1,10
417.169,765.467,-1,0,1,1,10
585.998,743.863,-1,0,1,1,10
512.769,752.849,-1,0,1,1,10
495.727,756.728,-1,0,1,1,10
324.498,748.733,-1,0,1,1,10
307.06,753.018,-1,0,1,1,10
318.653,766.491,-1,0,1,1,10
470.584,740.933,-1,0,1,1,10
520.513,746.704,-1,0,1,1,10
463.765,740.167,-1,0,1,1,10
572.385,743.202,-1,0,1,1,10
548.272,748.263,-1,0,1,1,10
466.466,746.543,-1,0,1,1,10
312.758,749.394,-1,0,1,1,10
387.705,747.744,-1,0,1,1,10
431.176,754.696,-1,0,1,1,10
576.14,737.311,-1,0,1,1,10
509.141,739.694,-1,0,1,1,10
444.814,756.065,-1,0,1,1,10
516.614,740.937,-1,0,1,1,10
486.703,749.282,-1,0,1,1,10
484.238,742.83,-1,0,1,1,10
90.0876,946.517,-1,0,1,1,10
481.553,736.334,-1,0,1,1,10
437.98,755.366,-1,0,1,1,10
538.182,741.728,-1,0,1,1,10
397.352,737.684,-1,0,1,1,10
448.782,750.511,-1,0,1,1,10
504.956,745.328,-1,0,1,1,10
534.419,747.56,-1,0,1,1,10
477.383,741.874,-1,0,1,1,10
318.485,745.552,-1,0,1,1,10
432.107,742.815,-1,0,1,1,10
424.354,754.127,-1,0,1,1,10
365.126,736.849,-1,0,1,1,10
502.202,738.959,-1,0,1,1,10
452.785,744.93,-1,0,1,1,10
390.348,736.059,-1,0,1,1,10
511.902,746.067,-1,0,1,1,10
445.938,744.158,-1,0,1,1,10
318.827,752.626,-1,0,1,1,10
461.06,733.752,-1,0,1,1,10
382.981,752.821,-1,0,1,1,10
456.884,739.355,-1,0,1,1,10
421.286,747.927,-1,0,1,1,10
417.465,753.594,-1,0,1,1,10
324.923,755.616,-1,0,1,1,10
488.451,737.294,-1,0,1,1,10
441.942,749.776,-1,0,1,1,10
81.3564,946.517,-1,0,1,1,10
404.261,739.543,-1,0,1,1,10
360.52,760.404,-1,0,1,1,10
331.316,749.223,-1,0,1,1,10
417.846,741.929,-1,0,1,1,10
396.456,755.802,-1,0,1,1,10
443.065,737.796,-1,0,1,1,10
435.059,749.094,-1,0,1,1,10
409.253,753.811,-1,0,1,1,10
410.915,741.445,-1,0,1,1,10
394.421,749.28,-1,0,1,1,10
369.547,750.023,-1,0,1,1,10
68.7184,946.517,-1,0,1,1,10
425.185,742.217,-1,0,1,1,10
374.131,744.837,-1,0,1,1,10
436.11,737.117,-1,0,1,1,10
439.037,743.448,-1,0,1,1,10
401.202,750.859,-1,0,1,1,10
335.511,743.69,-1,0,1,1,10
358.246,753.88,-1,0,1,1,10
324.011,776.611,-1,0,1,1,10
97.3359,946.517,-1,0,1,1,10
349.261,746.036,-1,0,1,1,10
380.912,746.274,-1,0,1,1,10
383.519,734.527,-1,0,1,1,10
421.753,736.158,-1,0,1,1,10
454.108,732.964,-1,0,1,1,10
312.865,763.166,-1,0,1,1,10
329.531,760.563,-1,0,1,1,10
342.407,744.825,-1,0,1,1,10
306.16,739.217,-1,0,1,1,10
328.429,742.931,-1,0,1,1,10
362.768,748.664,-1,0,1,1,10
399.256,744.279,-1,0,1,1,10
413.951,747.722,-1,0,1,1,10
367.351,743.43,-1,0,1,1,10
360.523,742.073,-1,0,1,1,10
313.05,756.34,-1,0,1,1,10
325.195,765.664,-1,0,1,1,10
339.957,738.315,-1,0,1,1,10
344.848,751.357,-1,0,1,1,10
385.62,741.164,-1,0,1,1,10
378.792,739.661,-1,0,1,1,10
407.029,747.199,-1,0,1,1,10
392.456,742.655,-1,0,1,1,10
744.714,732.295,-1,0,0.8,3,10
732.276,737.489,-1,0,0.8,3,10
756.306,762.38,-1,0,0.8,3,10
741.758,724.958,-1,0,0.8,3,10
762.758,789.428,-1,0,0.8,3,10
769.876,802.793,-1,0,0.8,3,10
819.562,750.615,-1,0,0.8,3,10
792.869,803.922,-1,0,0.8,3,10
800.153,804.488,-1,0,0.8,3,10
768.253,734.866,-1,0,0.8,3,10
710.446,741.587,-1,0,0.8,3,10
745.617,753.468,-1,0,0.8,3,10
778.98,742.375,-1,0,0.8,3,10
747.797,789.34,-1,0,0.8,3,10
751.949,768.875,-1,0,0.8,3,10
882.723,763.532,-1,0,0.8,3,10
868.873,804.679,-1,0,0.8,3,10
812.619,784.921,-1,0,0.8,3,10
786.811,742.914,-1,0,0.8,3,10
739.928,738.426,-1,0,0.8,3,10
753.076,755.243,-1,0,0.8,3,10
788.4,750.5,-1,0,0.8,3,10
760.424,734.399,-1,0,0.8,3,10
788.813,810.263,-1,0,0.8,3,10
811.708,750.492,-1,0,0.8,3,10
804.209,797.969,-1,0,0.8,3,10
901.353,802.474,-1,0,0.8,3,10
711.779,731.847,-1,0,0.8,3,10
735.239,744.682,-1,0,0.8,3,10
758.999,795.894,-1,0,0.8,3,10
794.823,742.415,-1,0,0.8,3,10
765.279,749.216,-1,0,0.8,3,10
762.836,802.71,-1,0,0.8,3,10
796.014,750.225,-1,0,0.8,3,10
895.695,783.156,-1,0,0.8,3,10
811.335,811.448,-1,0,0.8,3,10
738.309,717.769,-1,0,0.8,3,10
757.859,748.601,-1,0,0.8,3,10
727.693,744.059,-1,0,0.8,3,10
772.855,749.729,-1,0,0.8,3,10
773.891,796.524,-1,0,0.8,3,10
766.404,796.094,-1,0,0.8,3,10
838.94,758.605,-1,0,0.8,3,10
816.003,791.669,-1,0,0.8,3,10
773.815,809.545,-1,0,0.8,3,10
714.878,724.531,-1,0,0.8,3,10
747.678,739.662,-1,0,0.8,3,10
742.859,745.712,-1,0,0.8,3,10
802.952,742.578,-1,0,0.8,3,10
724.648,737.028,-1,0,0.8,3,10
755.341,789.248,-1,0,0.8,3,10
822.982,757.739,-1,0,0.8,3,10
876.416,804.302,-1,0,0.8,3,10
807.747,804.656,-1,0,0.8,3,10
728.697,730.392,-1,0,0.8,3,10
716.966,737.706,-1,0,0.8,3,10
748.183,775.555,-1,0,0.8,3,10
746.649,718.736,-1,0,0.8,3,10
759.681,769.323,-1,0,0.8,3,10
751.32,782.598,-1,0,0.8,3,10
771.132,742.198,-1,0,0.8,3,10
777.919,790.102,-1,0,0.8,3,10
830.515,792.391,-1,0,0.8,3,10
724.281,723.765,-1,0,0.8,3,10
736.836,731.131,-1,0,0.8,3,10
759.071,782.746,-1,0,0.8,3,10
787.387,763.889,-1,0,0.8,3,10
767.467,769.788,-1,0,0.8,3,10
777.522,803.192,-1,0,0.8,3,10
791.76,757.283,-1,0,0.8,3,10
763.298,741.705,-1,0,0.8,3,10
785.279,803.594,-1,0,0.8,3,10
776.133,734.988,-1,0,0.8,3,10
750.421,747.241,-1,0,0.8,3,10
755.574,775.881,-1,0,0.8,3,10
783.063,770.383,-1,0,0.8,3,10
774.491,783.365,-1,0,0.8,3,10
770.429,789.758,-1,0,0.8,3,10
803.852,750.433,-1,0,0.8,3,10
770.987,776.508,-1,0,0.8,3,10
789.206,797.162,-1,0,0.8,3,10
733.365,723.966,-1,0,0.8,3,10
755.446,741.07,-1,0,0.8,3,10
760.72,755.8,-1,0,0.8,3,10
780.619,750.026,-1,0,0.8,3,10
763.223,776.153,-1,0,0.8,3,10
781.568,796.79,-1,0,0.8,3,10
954.415,771.665,-1,0,0.8,3,10
778.753,776.851,-1,0,0.8,3,10
796.871,797.61,-1,0,0.8,3,10
749.715,726.092,-1,0,0.8,3,10
766.807,783.01,-1,0,0.8,3,10
782.125,783.59,-1,0,0.8,3,10
799.457,757.276,-1,0,0.8,3,10
784.103,757.043,-1,0,0.8,3,10
800.926,791.162,-1,0,0.8,3,10
859.185,764.544,-1,0,0.8,3,10
771.745,763.212,-1,0,0.8,3,10
811.963,798.216,-1,0,0.8,3,10
768.45,756.265,-1,0,0.8,3,10
764.082,762.842,-1,0,0.8,3,10
793.511,790.782,-1,0,0.8,3,10
720.09,730.515,-1,0,0.8,3,10
794.474,777.525,-1,0,0.8,3,10
823.268,792.024,-1,0,0.8,3,10
776.264,756.649,-1,0,0.8,3,10
805.42,784.615,-1,0,0.8,3,10
808.528,791.449,-1,0,0.8,3,10
807.239,757.456,-1,0,0.8,3,10
779.73,763.586,-1,0,0.8,3,10
785.671,790.411,-1,0,0.8,3,10
775.324,770.09,-1,0,0.8,3,10
802.056,777.764,-1,0,0.8,3,10
789.983,784.008,-1,0,0.8,3,10
827.487,750.997,-1,0,0.8,3,10
752.608,733.506,-1,0,0.8,3,10
837.784,792.52,-1,0,0.8,3,10
815.119,757.606,-1,0,0.8,3,10
817.223,778.093,-1,0,0.8,3,10
797.732,784.28,-1,0,0.8,3,10
803.04,764.176,-1,0,0.8,3,10
806.519,771.024,-1,0,0.8,3,10
822.099,771.59,-1,0,0.8,3,10
878.6,756.785,-1,0,0.8,3,10
786.53,777.159,-1,0,0.8,3,10
860.999,804.893,-1,0,0.8,3,10
842.628,765.634,-1,0,0.8,3,10
809.662,778.014,-1,0,0.8,3,10
827.56,785.599,-1,0,0.8,3,10
854.803,758.016,-1,0,0.8,3,10
824.947,778.584,-1,0,0.8,3,10
857.337,798.52,-1,0,0.8,3,10
795.244,764.017,-1,0,0.8,3,10
833.41,778.484,-1,0,0.8,3,10
834.457,785.79,-1,0,0.8,3,10
814.321,771.202,-1,0,0.8,3,10
798.782,770.907,-1,0,0.8,3,10
820.086,785.054,-1,0,0.8,3,10
818.746,764.534,-1,0,0.8,3,10
837.779,771.889,-1,0,0.8,3,10
864.868,798.187,-1,0,0.8,3,10
834.516,765.085,-1,0,0.8,3,10
845.275,792.251,-1,0,0.8,3,10
880.64,810.552,-1,0,0.8,3,10
830.962,758.07,-1,0,0.8,3,10
790.901,770.663,-1,0,0.8,3,10
852.909,791.976,-1,0,0.8,3,10
875.01,763.853,-1,0,0.8,3,10
829.945,771.691,-1,0,0.8,3,10
848.838,785.385,-1,0,0.8,3,10
826.551,764.687,-1,0,0.8,3,10
841.608,785.818,-1,0,0.8,3,10
868.446,791.37,-1,0,0.8,3,10
810.846,764.289,-1,0,0.8,3,10
841.774,778.328,-1,0,0.8,3,10
849.248,798.756,-1,0,0.8,3,10
855.565,771.508,-1,0,0.8,3,10
856.352,785.012,-1,0,0.8,3,10
860.675,791.632,-1,0,0.8,3,10
846.815,772.355,-1,0,0.8,3,10
851.96,778.407,-1,0,0.8,3,10
893.546,803.284,-1,0,0.8,3,10
850.631,765.404,-1,0,0.8,3,10
864.19,784.782,-1,0,0.8,3,10
885.152,804.28,-1,0,0.8,3,10
879.149,770.587,-1,0,0.8,3,10
859.863,778.137,-1,0,0.8,3,10
876.332,791.167,-1,0,0.8,3,10
875.62,777.569,-1,0,0.8,3,10
884.232,790.823,-1,0,0.8,3,10
904.7,795.633,-1,0,0.8,3,10
846.84,758.446,-1,0,0.8,3,10
872.069,784.543,-1,0,0.8,3,10
880.684,797.8,-1,0,0.8,3,10
863.449,771.196,-1,0,0.8,3,10
867.097,764.143,-1,0,0.8,3,10
892.229,790.238,-1,0,0.8,3,10
890.524,762.866,-1,0,0.8,3,10
900.055,789.398,-1,0,0.8,3,10
907.995,788.662,-1,0,0.8,3,10
871.377,770.874,-1,0,0.8,3,10
887.874,783.821,-1,0,0.8,3,10
888.638,797.289,-1,0,0.8,3,10
893.906,755.658,-1,0,0.8,3,10
894.654,769.518,-1,0,0.8,3,10
891.324,776.741,-1,0,0.8,3,10
879.915,784.239,-1,0,0.8,3,10
915.83,787.849,-1,0,0.8,3,10
928.072,793.548,-1,0,0.8,3,10
886.952,770.145,-1,0,0.8,3,10
867.76,777.891,-1,0,0.8,3,10
903.563,782.364,-1,0,0.8,3,10
942.116,765.399,-1,0,0.8,3,10
902.456,768.787,-1,0,0.8,3,10
911.375,781.565,-1,0,0.8,3,10
898.422,762.137,-1,0,0.8,3,10
906.923,775.163,-1,0,0.8,3,10
971.351,798.257,-1,0,0.8,3,10
835.459,751.467,-1,0,0.8,3,10
899.071,775.976,-1,0,0.8,3,10
931.461,786.532,-1,0,0.8,3,10
938.523,772.464,-1,0,0.8,3,10
950.825,778.664,-1,0,0.8,3,10
914.776,774.384,-1,0,0.8,3,10
958.085,764.603,-1,0,0.8,3,10
940.052,799.396,-1,0,0.8,3,10
944.554,805.828,-1,0,0.8,3,10
917.972,765.784,-1,0,0.8,3,10
883.447,777.238,-1,0,0.8,3,10
923.684,787.16,-1,0,0.8,3,10
922.594,773.493,-1,0,0.8,3,10
927.055,780.041,-1,0,0.8,3,10
963.655,798.412,-1,0,0.8,3,10
974.497,777.701,-1,0,0.8,3,10
926.264,766.439,-1,0,0.8,3,10
942.91,779.044,-1,0,0.8,3,10
906.319,761.082,-1,0,0.8,3,10
951.41,792.149,-1,0,0.8,3,10
919.22,780.718,-1,0,0.8,3,10
950.118,764.976,-1,0,0.8,3,10
943.628,792.574,-1,0,0.8,3,10
979.016,798.124,-1,0,0.8,3,10
958.684,778.292,-1,0,0.8,3,10
982.628,791.232,-1,0,0.8,3,10
1026.52,809.916,-1,0,0.8,3,10
934.955,779.486,-1,0,0.8,3,10
930.559,772.943,-1,0,0.8,3,10
975.05,791.422,-1,0,0.8,3,10
1032.45,782.385,-1,0,0.8,3,10
910.32,767.929,-1,0,0.8,3,10
978.581,784.447,-1,0,0.8,3,10
1095.16,777.268,-1,0,0.8,3,10
1115.43,782.159,-1,0,0.8,3,10
991.225,804.64,-1,0,0.8,3,10
966.641,777.982,-1,0,0.8,3,10
947.212,785.598,-1,0,0.8,3,10
947.956,799.049,-1,0,0.8,3,10
1006.15,776.6,-1,0,0.8,3,10
955.021,785.246,-1,0,0.8,3,10
983.371,804.787,-1,0,0.8,3,10
1024.85,782.876,-1,0,0.8,3,10
962.929,784.893,-1,0,0.8,3,10
990.349,791.074,-1,0,0.8,3,10
946.465,772.041,-1,0,0.8,3,10
939.308,786.048,-1,0,0.8,3,10
955.821,798.721,-1,0,0.8,3,10
1009.39,783.771,-1,0,0.8,3,10
970.859,784.653,-1,0,0.8,3,10
1010.92,810.923,-1,0,0.8,3,10
1118.15,774.626,-1,0,0.8,3,10
1111.63,789.793,-1,0,0.8,3,10
1014.34,804.039,-1,0,0.8,3,10
934.122,765.82,-1,0,0.8,3,10
959.32,791.813,-1,0,0.8,3,10
967.206,791.575,-1,0,0.8,3,10
986.252,770.491,-1,0,0.8,3,10
986.401,784.288,-1,0,0.8,3,10
986.881,797.964,-1,0,0.8,3,10
1006.6,804.346,-1,0,0.8,3,10
1017.8,797.025,-1,0,0.8,3,10
1010.16,797.431,-1,0,0.8,3,10
1001.92,783.903,-1,0,0.8,3,10
994.162,784.147,-1,0,0.8,3,10
1033.45,795.959,-1,0,0.8,3,10
1082.94,771.265,-1,0,0.8,3,10
1057,794.024,-1,0,0.8,3,10
1053.53,801.055,-1,0,0.8,3,10
1124.29,769.527,-1,0,0.8,3,10
1079.47,778.469,-1,0,0.8,3,10
1064.74,793.384,-1,0,0.8,3,10
1019.79,775.866,-1,0,0.8,3,10
998.198,776.97,-1,0,0.8,3,10
982.36,777.482,-1,0,0.8,3,10
1046.97,767.387,-1,0,0.8,3,10
1027.72,775.574,-1,0,0.8,3,10
1049.18,794.693,-1,0,0.8,3,10
1110.61,775.815,-1,0,0.8,3,10
1107.5,783.143,-1,0,0.8,3,10
1096.1,790.885,-1,0,0.8,3,10
1039.02,768.023,-1,0,0.8,3,10
1025.67,796.552,-1,0,0.8,3,10
1037.74,802.363,-1,0,0.8,3,10
1051.42,773.929,-1,0,0.8,3,10
1021.33,790.002,-1,0,0.8,3,10
1045.69,801.735,-1,0,0.8,3,10
1059.21,773.27,-1,0,0.8,3,10
1102.84,776.681,-1,0,0.8,3,10
1072.52,792.709,-1,0,0.8,3,10
978.296,770.675,-1,0,0.8,3,10
970.344,770.915,-1,0,0.8,3,10
998.102,790.904,-1,0,0.8,3,10
1075.04,771.918,-1,0,0.8,3,10
1068.15,786.229,-1,0,0.8,3,10
1060.41,786.899,-1,0,0.8,3,10
1113.41,768.339,-1,0,0.8,3,10
1099.61,783.816,-1,0,0.8,3,10
1091.78,784.4,-1,0,0.8,3,10
962.386,771.265,-1,0,0.8,3,10
1005.85,790.74,-1,0,0.8,3,10
1002.32,797.687,-1,0,0.8,3,10
1055.93,780.41,-1,0,0.8,3,10
1017.15,783.287,-1,0,0.8,3,10
1041.3,795.367,-1,0,0.8,3,10
1093.4,769.519,-1,0,0.8,3,10
1125.45,777.376,-1,0,0.8,3,10
1080.44,792.104,-1,0,0.8,3,10
1013.65,790.399,-1,0,0.8,3,10
990.285,777.289,-1,0,0.8,3,10
1022.2,803.548,-1,0,0.8,3,10
1062.54,766.03,-1,0,0.8,3,10
1044.74,788.273,-1,0,0.8,3,10
1052.56,787.586,-1,0,0.8,3,10
1105.49,769.22,-1,0,0.8,3,10
1083.92,785.012,-1,0,0.8,3,10
1067.1,772.539,-1,0,0.8,3,10
1040.2,781.732,-1,0,0.8,3,10
1043.54,774.559,-1,0,0.8,3,10
1036.94,788.866,-1,0,0.8,3,10
1035.63,775.217,-1,0,0.8,3,10
1048.08,781.092,-1,0,0.8,3,10
1029.09,789.45,-1,0,0.8,3,10
1087.31,777.853,-1,0,0.8,3,10
1071.57,779.065,-1,0,0.8,3,10
1076.02,785.602,-1,0,0.8,3,10
943.831,74.2519,0,0,1,9,10
490.577,50.8918,0,0,1,9,10
813.552,68.4696,0,0,1,9,10
1049.98,101.87,0,0,1,9,10
939.143,109.17,0,0,1,9,10
767.755,86.9408,0,0,1,9,10
917.821,106.333,0,0,1,9,10
808.839,136.995,0,0,1,9,10
683.067,186.403,0,0,1,9,10
1100.66,295.136,0,0,1,9,10
1293.99,83.1309,0,0,1,9,10
1020.08,214.066,0,0,1,9,10
861.352,245.542,0,0,1,9,10
961.69,317.069,0,0,1,9,10
960.568,207.448,0,0,1,9,10
789.056,458.205,0,0,1,9,10
1007.1,346.671,0,0,1,9,10
752.77,330.33,0,0,1,9,10
801.214,410.787,0,0,1,9,10
1363.89,113.668,0,0,1,9,10
1346.65,235.431,0,0,1,9,10
938.785,381.639,0,0,1,9,10
1191.87,223.061,0,0,1,9,10
996.122,235.655,0,0,1,9,10
778.763,813.282,0,0,0.1,8,10
876.474,856.414,0,0,0.1,8,10
824.913,856.884,1,0,0.1,8,10
799.401,847.787,1,0,0.1,8,10
1122.5,829.797,1,0,0.1,8,10
804.534,856.927,1,0,0.1,8,10
757.142,842.933,1,0,0.1,8,10
944.953,852.548,1,0,0.1,8,10
801.64,855.815,1,0,0.1,8,10
791.753,856.35,1,0,0.1,8,10
1010.47,851.61,1,0,0.1,8,10
713.179,750.576,1,0,0.1,8,10
1015.38,852.015,1,0,0.1,8,10
954.566,789.104,1,0,0.1,8,10
724.764,853.644,1,0,0.1,8,10
958.022,851.76,1,0,0.1,8,10
707.494,851.21,1,0,0.1,8,10
708.108,853.972,1,0,0.1,8,10
742.387,804.3,1,0,0.1,8,10
731.045,800.601,1,0,0.1,8,10
761.621,826.87,1,0,0.1,8,10
862.641,811.45,1,0,0.1,8,10
1020.69,835.68,1,0,0.1,8,10
797.304,855.634,1,0,0.1,8,10
711.078,853.545,1,0,0.1,8,10
1089.27,502.908,1,0,1,9,10
1116.1,348.109,1,0,1,9,10
707.498,782.807,1,0,0.1,8,10
1093.3,796.252,1,0,0.1,8,10
978.598,846.23,1,0,0.1,8,10
1126.75,799.637,1,0,0.1,8,10
837.441,737.851,1,0,0.1,8,10
913.409,792.403,1,0,0.1,8,10
821.847,856.509,1,0,0.1,8,10
757.379,854.514,1,0,0.1,8,10
961.131,851.541,1,0,0.1,8,10
928.629,801.899,1,0,0.1,8,10
793.872,786.322,1,0,0.1,8,10
1031.88,792.382,1,0,0.1,8,10
794.08,855.774,1,0,0.1,8,10
966.384,705.742,1,0,0.1,8,10
892.617,834.077,1,0,0.1,8,10
1030.86,756.294,1,0,0.1,8,10
769.833,800.545,1,0,0.1,8,10
782.702,831.936,1,0,0.1,8,10
1126.51,807.416,1,0,0.1,8,10
836.727,841.172,1,0,0.1,8,10
914.734,853.531,1,0,0.1,8,10
859.485,824.6,1,0,0.1,8,10
957.832,828.284,1,0,0.1,8,10
805.257,780.115,1,0,0.1,8,10
917.781,854.147,1,0,0.1,8,10
747.726,722.811,1,0,0.1,8,10
826.123,757.229,1,0,0.1,8,10
767.057,646.598,1,0,0.1,8,10
838.26,753.617,1,0,0.1,8,10
964.148,851.71,1,0,0.1,8,10
867.35,818.541,1,0,0.1,8,10
1062.67,846.513,1,0,0.1,8,10
1091.62,759.232,1,0,0.1,8,10
960.752,788.864,1,0,0.1,8,10
823.235,728.364,1,0,0.1,8,10
830.299,780.508,1,0,0.1,8,10
905.755,772.647,1,0,0.1,8,10
856.207,800.009,1,0,0.1,8,10
814.178,836.45,1,0,0.1,8,10
786.386,760.759,1,0,0.1,8,10
1049.13,829.002,1,0,0.1,8,10
709.797,789.727,1,0,0.1,8,10
889.162,587.983,1,0,1,9,10
747.4,803.696,1,0,0.1,8,10
879.669,759.955,1,0,0.1,8,10
911.192,812.076,1,0,0.1,8,10
1101.62,799.439,1,0,0.1,8,10
893.81,724.936,1,0,0.1,8,10
1128.47,737.178,1,0,0.1,8,10
835.615,779.229,1,0,0.1,8,10
964.973,809.796,1,0,0.1,8,10
710.673,803.983,1,0,0.1,8,10
940.762,807.779,1,0,0.1,8,10
934.549,809.493,1,0,0.1,8,10
941.011,846.791,1,0,0.1,8,10
975.311,753.556,1,0,0.1,8,10
867.921,784.654,1,0,0.1,8,10
751.111,751.316,1,0,0.1,8,10
874.522,809.064,1,0,0.1,8,10
1109.53,780.986,1,0,0.1,8,10
1126.09,810.369,1,0,0.1,8,10
707.676,842.739,1,0,0.1,8,10
952.358,793.207,1,0,0.1,8,10
838.141,777.583,1,0,0.1,8,10
707.384,752.382,1,0,0.1,8,10
827.623,808.041,1,0,0.1,8,10
734.251,716.135,1,0,0.1,8,10
958.289,766.55,1,0,0.1,8,10
788.902,855.535,1,0,0.1,8,10
915.772,847.223,1,0,0.1,8,10
1126.65,804.385,1,0,0.1,8,10
978.536,851.602,1,0,0.1,8,10
855.163,840.125,1,0,0.1,8,10
933.925,692.93,1,0,0.1,8,10
779.018,732.832,1,0,1,9,10
732.273,753.008,1,0,0.1,8,10
906.556,840.792,1,0,0.1,8,10
981.581,851.617,1,0,0.1,8,10
717.082,807.023,1,0,0.1,8,10
1027.86,809.359,1,0,0.1,8,10
905.345,789.793,1,0,0.1,8,10
1100.72,785.182,1,0,0.1,8,10
741.843,788.914,1,0,0.1,8,10
865.701,815.5,1,0,0.1,8,10
1052.3,774.876,1,0,0.1,8,10
1115.94,751.463,1,0,0.1,8,10
849.866,731.923,1,0,0.1,8,10
858.962,790.986,1,0,0.1,8,10
961.685,771.125,1,0,0.1,8,10
988.265,737.219,1,0,0.1,8,10
723.695,803.833,1,0,0.1,8,10
707.573,759.105,1,0,0.1,8,10
922.52,820.359,1,0,0.1,8,10
948.859,832.512,1,0,0.1,8,10
707.492,768.588,1,0,0.1,8,10
870.741,746.231,1,0,0.1,8,10
1051.69,781.369,1,0,0.1,8,10
707.54,804.711,1,0,0.1,8,10
897.05,816.677,1,0,0.1,8,10
921.169,814.75,1,0,0.1,8,10
824.361,822.625,1,0,0.1,8,10
778.818,801.392,1,0,0.1,8,10
997.819,810.446,1,0,0.1,8,10
1116.01,681.99,1,0,1,9,10
1057.2,790.198,1,0,0.1,8,10
856.763,731.1,1,0,0.1,8,10
840.097,829.923,1,0,0.1,8,10
746.927,761.912,1,0,0.1,8,10
783.269,728.168,1,0,0.1,8,10
890.756,853.448,1,0,0.1,8,10
738.566,794.518,1,0,0.1,8,10
821.259,741.2,1,0,0.1,8,10
1081.07,723.596,1,0,1,9,10
815.548,706.684,1,0,0.1,8,10
1080.66,772.294,1,0,0.1,8,10
1095.97,671.921,1,0,1,9,10
956.84,849.461,1,0,0.1,8,10
1026.5,815.082,1,0,0.1,8,10
751.723,766.59,1,0,0.1,8,10
940.931,782.722,1,0,0.1,8,10
742.847,749.661,1,0,0.1,8,10
757.629,718.316,1,0,0.1,8,10
926.04,776.174,1,0,0.1,8,10
972.674,696.1,1,0,1,9,10
727.286,750.614,1,0,1,9,10
733.338,806.419,1,0,0.1,8,10
800.635,791.236,1,0,0.1,8,10
956.054,733.841,1,0,0.1,8,10
864.417,611.739,1,0,1,9,10
795.547,761.834,1,0,0.1,8,10
891.258,773.968,1,0,0.1,8,10
1008.64,758.44,1,0,0.1,8,10
899.85,854.658,1,0,0.1,8,10
1116.01,784.753,1,0,0.1,8,10
784.956,706.889,1,0,0.1,8,10
802.144,737.026,1,0,0.1,8,10
841.188,774.776,1,0,0.1,8,10
1017.59,755.944,1,0,0.1,8,10
894.995,732.808,1,0,1,9,10
729.62,809.481,1,0,0.1,8,10
917.455,753.926,1,0,0.1,8,10
751.231,738.536,1,0,0.1,8,10
813.354,744.857,1,0,0.1,8,10
714.802,707.213,1,0,0.1,8,10
777.805,706.083,1,0,1,9,10
1073.57,814.25,1,0,0.1,8,10
707.492,765.588,1,0,0.1,8,10
719.484,732.114,1,0,1,9,10
864.579,809.178,1,0,0.1,8,10
777.354,716.796,1,0,1,9,10
855.409,796.127,1,0,1,9,10
798.076,812.721,1,0,0.1,8,10
744.889,817.97,1,0,0.1,8,10
898.135,805.662,1,0,0.1,8,10
774.935,740.551,1,0,0.1,8,10
833.929,786.162,1,0,0.1,8,10
830.944,773.11,1,0,1,9,10
843.599,793.754,1,0,0.1,8,10
1127.51,763.674,1,0,0.1,8,10
725.615,809.374,1,0,0.1,8,10
774.642,816.075,1,0,0.1,8,10
732.776,791.186,1,0,0.1,8,10
785.945,842.032,1,0,1,9,10
797.145,806.474,1,0,1,9,10
361,501,12,0,1,11,0
487,488,12,0,1,11,5
608,485,12,0,1,11,6
774,508,12,0,1,11,0
916,517,12,0,1,11,5
1038,525,12,0,1,11,6
