522,792,-1,0,0.1,2,10
530,792,-1,0,0.1,2,10
539,791,-1,0,0.1,2,10
548,791,-1,0,0.1,2,10
555,791,-1,0,0.1,2,10
561,790,-1,0,0.1,2,10
565,790,-1,0,0.1,2,10
570,790,-1,0,0.1,2,10
574,790,-1,0,0.1,2,10
579,790,-1,0,0.1,2,10
584,791,-1,0,0.1,2,10
589,791,-1,0,0.1,2,10
594,791,-1,0,0.1,2,10
598,792,-1,0,0.1,2,10
604,792,-1,0,0.1,2,10
611,792,-1,0,0.1,2,10
618,792,-1,0,0.1,2,10
626,793,-1,0,0.1,2,10
633,793,-1,0,0.1,2,10
640,793,-1,0,0.1,2,10
645,793,-1,0,0.1,2,10
650,793,-1,0,0.1,2,10
655,793,-1,0,0.1,2,10
659,793,-1,0,0.1,2,10
665,793,-1,0,0.1,2,10
670,793,-1,0,0.1,2,10
676,793,-1,0,0.1,2,10
680,793,-1,0,0.1,2,10
684,793,-1,0,0.1,2,10
687,793,-1,0,0.1,2,10
690,793,-1,0,0.1,2,10
693,793,-1,0,0.1,2,10
697,793,-1,0,0.1,2,10
699,793,-1,0,0.1,2,10
701,792,-1,0,0.1,2,10
703,792,-1,0,0.1,2,10
705,792,-1,0,0.1,2,10
708,792,-1,0,0.1,2,10
710,792,-1,0,0.1,2,10
712,791,-1,0,0.1,2,10
713,791,-1,0,0.1,2,10
714,791,-1,0,0.1,2,10
715,791,-1,0,0.1,2,10
716,791,-1,0,0.1,2,10
716,791,-1,0,0.1,2,10
717,791,-1,0,0.1,2,10
718,791,-1,0,0.1,2,10
719,791,-1,0,0.1,2,10
719,791,-1,0,0.1,2,10
721,791,-1,0,0.1,2,10
723,791,-1,0,0.1,2,10
726,790,-1,0,0.1,2,10
729,790,-1,0,0.1,2,10
732,790,-1,0,0.1,2,10
735,790,-1,0,0.1,2,10
738,790,-1,0,0.1,2,10
741,790,-1,0,0.1,2,10
743,790,-1,0,0.1,2,10
747,790,-1,0,0.1,2,10
750,790,-1,0,0.1,2,10
753,790,-1,0,0.1,2,10
755,790,-1,0,0.1,2,10
757,790,-1,0,0.1,2,10
758,789,-1,0,0.1,2,10
761,789,-1,0,0.1,2,10
764,789,-1,0,0.1,2,10
767,789,-1,0,0.1,2,10
769,789,-1,0,0.1,2,10
771,789,-1,0,0.1,2,10
773,789,-1,0,0.1,2,10
775,789,-1,0,0.1,2,10
779,789,-1,0,0.1,2,10
782,789,-1,0,0.1,2,10
785,789,-1,0,0.1,2,10
787,789,-1,0,0.1,2,10
790,789,-1,0,0.1,2,10
793,789,-1,0,0.1,2,10
797,789,-1,0,0.1,2,10
800,789,-1,0,0.1,2,10
803,789,-1,0,0.1,2,10
808,789,-1,0,0.1,2,10
812,789,-1,0,0.1,2,10
816,789,-1,0,0.1,2,10
819,790,-1,0,0.1,2,10
823,790,-1,0,0.1,2,10
826,790,-1,0,0.1,2,10
827,790,-1,0,0.1,2,10
830,790,-1,0,0.1,2,10
832,790,-1,0,0.1,2,10
836,790,-1,0,0.1,2,10
839,789,-1,0,0.1,2,10
841,789,-1,0,0.1,2,10
844,789,-1,0,0.1,2,10
846,789,-1,0,0.1,2,10
849,789,-1,0,0.1,2,10
851,789,-1,0,0.1,2,10
854,789,-1,0,0.1,2,10
858,789,-1,0,0.1,2,10
861,789,-1,0,0.1,2,10
865,788,-1,0,0.1,2,10
867,788,-1,0,0.1,2,10
868,787,-1,0,0.1,2,10
869,785,-1,0,0.1,2,10
870,784,-1,0,0.1,2,10
871,781,-1,0,0.1,2,10
873,778,-1,0,0.1,2,10
874,774,-1,0,0.1,2,10
875,769,-1,0,0.1,2,10
876,766,-1,0,0.1,2,10
877,762,-1,0,0.1,2,10
878,758,-1,0,0.1,2,10
879,755,-1,0,0.1,2,10
879,752,-1,0,0.1,2,10
879,749,-1,0,0.1,2,10
880,747,-1,0,0.1,2,10
880,746,-1,0,0.1,2,10
880,745,-1,0,0.1,2,10
880,744,-1,0,0.1,2,10
880,743,-1,0,0.1,2,10
880,742,-1,0,0.1,2,10
880,742,-1,0,0.1,2,10
880,742,-1,0,0.1,2,10
880,742,-1,0,0.1,2,10
880,742,-1,0,0.1,2,10
880,742,-1,0,0.1,2,10
880,742,-1,0,0.1,2,10
880,742,-1,0,0.1,2,10
880,742,-1,0,0.1,2,10
880,742,-1,0,0.1,2,10
880,742,-1,0,0.1,2,10
880,742,-1,0,0.1,2,10
880,742,-1,0,0.1,2,10
880,742,-1,0,0.1,2,10
494,702,-1,0,0.1,2,10
494,700,-1,0,0.1,2,10
494,698,-1,0,0.1,2,10
494,695,-1,0,0.1,2,10
494,693,-1,0,0.1,2,10
494,690,-1,0,0.1,2,10
495,688,-1,0,0.1,2,10
495,686,-1,0,0.1,2,10
495,684,-1,0,0.1,2,10
495,683,-1,0,0.1,2,10
495,682,-1,0,0.1,2,10
495,681,-1,0,0.1,2,10
496,679,-1,0,0.1,2,10
496,677,-1,0,0.1,2,10
496,676,-1,0,0.1,2,10
497,674,-1,0,0.1,2,10
497,673,-1,0,0.1,2,10
497,671,-1,0,0.1,2,10
498,668,-1,0,0.1,2,10
498,666,-1,0,0.1,2,10
498,664,-1,0,0.1,2,10
498,663,-1,0,0.1,2,10
499,662,-1,0,0.1,2,10
499,661,-1,0,0.1,2,10
499,660,-1,0,0.1,2,10
499,659,-1,0,0.1,2,10
499,657,-1,0,0.1,2,10
500,656,-1,0,0.1,2,10
500,653,-1,0,0.1,2,10
500,652,-1,0,0.1,2,10
500,651,-1,0,0.1,2,10
501,651,-1,0,0.1,2,10
501,650,-1,0,0.1,2,10
501,649,-1,0,0.1,2,10
502,648,-1,0,0.1,2,10
502,648,-1,0,0.1,2,10
502,648,-1,0,0.1,2,10
502,648,-1,0,0.1,2,10
502,648,-1,0,0.1,2,10
502,648,-1,0,0.1,2,10
502,648,-1,0,0.1,2,10
879,752,-1,0,0.1,2,10
879,752,-1,0,0.1,2,10
879,752,-1,0,0.1,2,10
879,752,-1,0,0.1,2,10
879,752,-1,0,0.1,2,10
879,752,-1,0,0.1,2,10
879,747,-1,0,0.1,2,10
878,739,-1,0,0.1,2,10
878,731,-1,0,0.1,2,10
877,723,-1,0,0.1,2,10
877,715,-1,0,0.1,2,10
875,706,-1,0,0.1,2,10
874,698,-1,0,0.1,2,10
873,692,-1,0,0.1,2,10
872,686,-1,0,0.1,2,10
872,681,-1,0,0.1,2,10
871,677,-1,0,0.1,2,10
871,673,-1,0,0.1,2,10
871,668,-1,0,0.1,2,10
871,663,-1,0,0.1,2,10
871,658,-1,0,0.1,2,10
871,652,-1,0,0.1,2,10
872,646,-1,0,0.1,2,10
873,640,-1,0,0.1,2,10
873,635,-1,0,0.1,2,10
873,630,-1,0,0.1,2,10
873,624,-1,0,0.1,2,10
874,618,-1,0,0.1,2,10
874,612,-1,0,0.1,2,10
874,606,-1,0,0.1,2,10
874,601,-1,0,0.1,2,10
874,595,-1,0,0.1,2,10
875,589,-1,0,0.1,2,10
875,585,-1,0,0.1,2,10
875,581,-1,0,0.1,2,10
875,575,-1,0,0.1,2,10
875,569,-1,0,0.1,2,10
875,563,-1,0,0.1,2,10
876,556,-1,0,0.1,2,10
876,550,-1,0,0.1,2,10
876,544,-1,0,0.1,2,10
876,538,-1,0,0.1,2,10
876,531,-1,0,0.1,2,10
875,524,-1,0,0.1,2,10
874,515,-1,0,0.1,2,10
873,506,-1,0,0.1,2,10
872,498,-1,0,0.1,2,10
872,490,-1,0,0.1,2,10
871,484,-1,0,0.1,2,10
871,478,-1,0,0.1,2,10
870,473,-1,0,0.1,2,10
870,467,-1,0,0.1,2,10
870,462,-1,0,0.1,2,10
870,456,-1,0,0.1,2,10
870,450,-1,0,0.1,2,10
869,443,-1,0,0.1,2,10
869,437,-1,0,0.1,2,10
869,430,-1,0,0.1,2,10
869,423,-1,0,0.1,2,10
868,417,-1,0,0.1,2,10
868,410,-1,0,0.1,2,10
867,403,-1,0,0.1,2,10
867,397,-1,0,0.1,2,10
867,391,-1,0,0.1,2,10
867,386,-1,0,0.1,2,10
867,381,-1,0,0.1,2,10
867,376,-1,0,0.1,2,10
867,372,-1,0,0.1,2,10
867,369,-1,0,0.1,2,10
867,368,-1,0,0.1,2,10
867,367,-1,0,0.1,2,10
867,367,-1,0,0.1,2,10
867,367,-1,0,0.1,2,10
867,367,-1,0,0.1,2,10
858,364,-1,0,0.1,2,10
515,363,-1,0,0.1,2,10
512,365,-1,0,0.1,2,10
510,369,-1,0,0.1,2,10
509,374,-1,0,0.1,2,10
508,383,-1,0,0.1,2,10
507,394,-1,0,0.1,2,10
504,409,-1,0,0.1,2,10
501,428,-1,0,0.1,2,10
501,447,-1,0,0.1,2,10
501,465,-1,0,0.1,2,10
500,479,-1,0,0.1,2,10
500,490,-1,0,0.1,2,10
499,501,-1,0,0.1,2,10
499,510,-1,0,0.1,2,10
498,520,-1,0,0.1,2,10
498,529,-1,0,0.1,2,10
498,535,-1,0,0.1,2,10
497,541,-1,0,0.1,2,10
496,548,-1,0,0.1,2,10
496,555,-1,0,0.1,2,10
495,562,-1,0,0.1,2,10
495,568,-1,0,0.1,2,10
495,574,-1,0,0.1,2,10
494,579,-1,0,0.1,2,10
494,584,-1,0,0.1,2,10
494,590,-1,0,0.1,2,10
494,596,-1,0,0.1,2,10
494,602,-1,0,0.1,2,10
494,607,-1,0,0.1,2,10
494,612,-1,0,0.1,2,10
494,616,-1,0,0.1,2,10
495,621,-1,0,0.1,2,10
495,625,-1,0,0.1,2,10
495,629,-1,0,0.1,2,10
495,633,-1,0,0.1,2,10
495,637,-1,0,0.1,2,10
495,641,-1,0,0.1,2,10
495,644,-1,0,0.1,2,10
495,646,-1,0,0.1,2,10
495,648,-1,0,0.1,2,10
495,651,-1,0,0.1,2,10
495,653,-1,0,0.1,2,10
495,656,-1,0,0.1,2,10
495,657,-1,0,0.1,2,10
495,658,-1,0,0.1,2,10
495,658,-1,0,0.1,2,10
495,658,-1,0,0.1,2,10
495,658,-1,0,0.1,2,10
495,658,-1,0,0.1,2,10
504,650,-1,0,0.1,7,10
504,650,-1,0,0.1,7,10
504,650,-1,0,0.1,7,10
504,650,-1,0,0.1,7,10
508,650,-1,0,0.1,7,10
513,650,-1,0,0.1,7,10
517,650,-1,0,0.1,7,10
521,650,-1,0,0.1,7,10
524,650,-1,0,0.1,7,10
526,649,-1,0,0.1,7,10
528,649,-1,0,0.1,7,10
530,649,-1,0,0.1,7,10
533,649,-1,0,0.1,7,10
537,649,-1,0,0.1,7,10
541,649,-1,0,0.1,7,10
546,649,-1,0,0.1,7,10
550,649,-1,0,0.1,7,10
555,649,-1,0,0.1,7,10
559,649,-1,0,0.1,7,10
562,649,-1,0,0.1,7,10
566,649,-1,0,0.1,7,10
569,650,-1,0,0.1,7,10
573,650,-1,0,0.1,7,10
578,650,-1,0,0.1,7,10
581,650,-1,0,0.1,7,10
584,651,-1,0,0.1,7,10
587,651,-1,0,0.1,7,10
591,651,-1,0,0.1,7,10
597,652,-1,0,0.1,7,10
601,652,-1,0,0.1,7,10
604,653,-1,0,0.1,7,10
605,653,-1,0,0.1,7,10
605,653,-1,0,0.1,7,10
605,653,-1,0,0.1,7,10
605,653,-1,0,0.1,7,10
605,653,-1,0,0.1,7,10
605,653,-1,0,0.1,7,10
605,653,-1,0,0.1,7,10
605,653,-1,0,0.1,7,10
607,653,-1,0,0.1,7,10
609,653,-1,0,0.1,7,10
611,653,-1,0,0.1,7,10
614,652,-1,0,0.1,7,10
693,782,-1,0,0.1,7,10
693,782,-1,0,0.1,7,10
693,779,-1,0,0.1,7,10
694,772,-1,0,0.1,7,10
696,765,-1,0,0.1,7,10
698,757,-1,0,0.1,7,10
700,749,-1,0,0.1,7,10
702,742,-1,0,0.1,7,10
704,736,-1,0,0.1,7,10
705,732,-1,0,0.1,7,10
706,727,-1,0,0.1,7,10
707,722,-1,0,0.1,7,10
708,717,-1,0,0.1,7,10
709,712,-1,0,0.1,7,10
710,709,-1,0,0.1,7,10
711,705,-1,0,0.1,7,10
712,701,-1,0,0.1,7,10
713,697,-1,0,0.1,7,10
714,694,-1,0,0.1,7,10
714,691,-1,0,0.1,7,10
715,690,-1,0,0.1,7,10
716,687,-1,0,0.1,7,10
717,684,-1,0,0.1,7,10
717,683,-1,0,0.1,7,10
717,682,-1,0,0.1,7,10
718,681,-1,0,0.1,7,10
718,680,-1,0,0.1,7,10
719,679,-1,0,0.1,7,10
719,678,-1,0,0.1,7,10
721,676,-1,0,0.1,7,10
722,676,-1,0,0.1,7,10
723,675,-1,0,0.1,7,10
726,674,-1,0,0.1,7,10
730,673,-1,0,0.1,7,10
735,672,-1,0,0.1,7,10
741,672,-1,0,0.1,7,10
746,672,-1,0,0.1,7,10
752,672,-1,0,0.1,7,10
759,672,-1,0,0.1,7,10
764,672,-1,0,0.1,7,10
769,672,-1,0,0.1,7,10
775,672,-1,0,0.1,7,10
781,673,-1,0,0.1,7,10
788,673,-1,0,0.1,7,10
794,673,-1,0,0.1,7,10
798,673,-1,0,0.1,7,10
803,673,-1,0,0.1,7,10
809,674,-1,0,0.1,7,10
816,675,-1,0,0.1,7,10
822,675,-1,0,0.1,7,10
828,675,-1,0,0.1,7,10
832,675,-1,0,0.1,7,10
834,675,-1,0,0.1,7,10
835,675,-1,0,0.1,7,10
837,675,-1,0,0.1,7,10
839,675,-1,0,0.1,7,10
842,675,-1,0,0.1,7,10
844,675,-1,0,0.1,7,10
845,675,-1,0,0.1,7,10
846,674,-1,0,0.1,7,10
846,674,-1,0,0.1,7,10
846,674,-1,0,0.1,7,10
846,674,-1,0,0.1,7,10
849,674,-1,0,0.1,7,10
853,674,-1,0,0.1,7,10
855,673,-1,0,0.1,7,10
855,673,-1,0,0.1,7,10
855,673,-1,0,0.1,7,10
855,673,-1,0,0.1,7,10
855,673,-1,0,0.1,7,10
855,673,-1,0,0.1,7,10
855,673,-1,0,0.1,7,10
855,673,-1,0,0.1,7,10
855,673,-1,0,0.1,7,10
855,673,-1,0,0.1,7,10
855,673,-1,0,0.1,7,10
855,673,-1,0,0.1,7,10
855,673,-1,0,0.1,7,10
855,673,-1,0,0.1,7,10
501,438,-1,0,0.1,7,10
501,438,-1,0,0.1,7,10
501,438,-1,0,0.1,7,10
502,438,-1,0,0.1,7,10
510,438,-1,0,0.1,7,10
521,439,-1,0,0.1,7,10
533,439,-1,0,0.1,7,10
544,440,-1,0,0.1,7,10
555,441,-1,0,0.1,7,10
565,442,-1,0,0.1,7,10
573,443,-1,0,0.1,7,10
581,443,-1,0,0.1,7,10
588,444,-1,0,0.1,7,10
595,446,-1,0,0.1,7,10
604,447,-1,0,0.1,7,10
610,448,-1,0,0.1,7,10
615,449,-1,0,0.1,7,10
618,449,-1,0,0.1,7,10
622,450,-1,0,0.1,7,10
626,451,-1,0,0.1,7,10
630,452,-1,0,0.1,7,10
634,454,-1,0,0.1,7,10
638,455,-1,0,0.1,7,10
638,455,-1,0,0.1,7,10
639,456,-1,0,0.1,7,10
640,458,-1,0,0.1,7,10
641,461,-1,0,0.1,7,10
641,466,-1,0,0.1,7,10
641,472,-1,0,0.1,7,10
640,480,-1,0,0.1,7,10
638,487,-1,0,0.1,7,10
636,494,-1,0,0.1,7,10
634,500,-1,0,0.1,7,10
633,507,-1,0,0.1,7,10
632,512,-1,0,0.1,7,10
630,517,-1,0,0.1,7,10
629,519,-1,0,0.1,7,10
629,519,-1,0,0.1,7,10
628,520,-1,0,0.1,7,10
627,520,-1,0,0.1,7,10
624,520,-1,0,0.1,7,10
616,520,-1,0,0.1,7,10
604,519,-1,0,0.1,7,10
591,518,-1,0,0.1,7,10
582,516,-1,0,0.1,7,10
574,514,-1,0,0.1,7,10
566,512,-1,0,0.1,7,10
559,511,-1,0,0.1,7,10
552,509,-1,0,0.1,7,10
546,508,-1,0,0.1,7,10
541,507,-1,0,0.1,7,10
535,506,-1,0,0.1,7,10
528,505,-1,0,0.1,7,10
523,505,-1,0,0.1,7,10
519,505,-1,0,0.1,7,10
516,505,-1,0,0.1,7,10
516,505,-1,0,0.1,7,10
516,505,-1,0,0.1,7,10
516,505,-1,0,0.1,7,10
516,505,-1,0,0.1,7,10
516,505,-1,0,0.1,7,10
516,505,-1,0,0.1,7,10
516,505,-1,0,0.1,7,10
516,505,-1,0,0.1,7,10
516,505,-1,0,0.1,7,10
516,505,-1,0,0.1,7,10
516,505,-1,0,0.1,7,10
516,505,-1,0,0.1,7,10
516,505,-1,0,0.1,7,10
516,505,-1,0,0.1,7,10
516,505,-1,0,0.1,7,10
516,505,-1,0,0.1,7,10
516,505,-1,0,0.1,7,10
516,505,-1,0,0.1,7,10
516,505,-1,0,0.1,7,10
516,505,-1,0,0.1,7,10
516,505,-1,0,0.1,7,10
515,505,-1,0,0.1,7,10
513,505,-1,0,0.1,7,10
513,505,-1,0,0.1,7,10
513,505,-1,0,0.1,7,10
513,505,-1,0,0.1,7,10
513,505,-1,0,0.1,7,10
513,505,-1,0,0.1,7,10
513,505,-1,0,0.1,7,10
513,505,-1,0,0.1,7,10
513,505,-1,0,0.1,7,10
513,505,-1,0,0.1,7,10
513,505,-1,0,0.1,7,10
698,359,-1,0,0.1,7,10
698,359,-1,0,0.1,7,10
698,360,-1,0,0.1,7,10
697,363,-1,0,0.1,7,10
697,368,-1,0,0.1,7,10
697,374,-1,0,0.1,7,10
696,381,-1,0,0.1,7,10
696,386,-1,0,0.1,7,10
696,391,-1,0,0.1,7,10
696,395,-1,0,0.1,7,10
696,398,-1,0,0.1,7,10
696,400,-1,0,0.1,7,10
696,402,-1,0,0.1,7,10
696,405,-1,0,0.1,7,10
696,410,-1,0,0.1,7,10
695,414,-1,0,0.1,7,10
695,418,-1,0,0.1,7,10
695,421,-1,0,0.1,7,10
695,424,-1,0,0.1,7,10
696,428,-1,0,0.1,7,10
696,431,-1,0,0.1,7,10
696,433,-1,0,0.1,7,10
697,434,-1,0,0.1,7,10
697,435,-1,0,0.1,7,10
698,437,-1,0,0.1,7,10
700,439,-1,0,0.1,7,10
703,441,-1,0,0.1,7,10
707,443,-1,0,0.1,7,10
715,446,-1,0,0.1,7,10
726,447,-1,0,0.1,7,10
736,448,-1,0,0.1,7,10
746,449,-1,0,0.1,7,10
753,450,-1,0,0.1,7,10
758,450,-1,0,0.1,7,10
762,450,-1,0,0.1,7,10
767,451,-1,0,0.1,7,10
773,452,-1,0,0.1,7,10
779,452,-1,0,0.1,7,10
786,453,-1,0,0.1,7,10
791,453,-1,0,0.1,7,10
795,453,-1,0,0.1,7,10
799,454,-1,0,0.1,7,10
802,454,-1,0,0.1,7,10
807,454,-1,0,0.1,7,10
812,455,-1,0,0.1,7,10
816,455,-1,0,0.1,7,10
820,456,-1,0,0.1,7,10
824,456,-1,0,0.1,7,10
828,456,-1,0,0.1,7,10
832,457,-1,0,0.1,7,10
834,457,-1,0,0.1,7,10
836,457,-1,0,0.1,7,10
839,458,-1,0,0.1,7,10
842,458,-1,0,0.1,7,10
846,458,-1,0,0.1,7,10
850,459,-1,0,0.1,7,10
854,459,-1,0,0.1,7,10
857,459,-1,0,0.1,7,10
859,459,-1,0,0.1,7,10
860,459,-1,0,0.1,7,10
860,459,-1,0,0.1,7,10
860,459,-1,0,0.1,7,10
860,459,-1,0,0.1,7,10
860,459,-1,0,0.1,7,10
860,459,-1,0,0.1,7,10
860,459,-1,0,0.1,7,10
860,459,-1,0,0.1,7,10
860,459,-1,0,0.1,7,10
860,459,-1,0,0.1,7,10
860,459,-1,0,0.1,7,10
860,459,-1,0,0.1,7,10
860,459,-1,0,0.1,7,10
860,459,-1,0,0.1,7,10
860,459,-1,0,0.1,7,10
860,459,-1,0,0.1,7,10
502,414,-1,0,0.1,2,10
502,414,-1,0,0.1,2,10
502,414,-1,0,0.1,2,10
502,414,-1,0,0.1,2,10
502,413,-1,0,0.1,2,10
503,410,-1,0,0.1,2,10
504,406,-1,0,0.1,2,10
505,401,-1,0,0.1,2,10
507,397,-1,0,0.1,2,10
508,391,-1,0,0.1,2,10
509,388,-1,0,0.1,2,10
509,386,-1,0,0.1,2,10
509,386,-1,0,0.1,2,10
509,386,-1,0,0.1,2,10
509,386,-1,0,0.1,2,10
509,386,-1,0,0.1,2,10
860,586,-1,0,0.1,7,10
860,586,-1,0,0.1,7,10
860,586,-1,0,0.1,7,10
859,585,-1,0,0.1,7,10
857,585,-1,0,0.1,7,10
854,585,-1,0,0.1,7,10
851,584,-1,0,0.1,7,10
848,584,-1,0,0.1,7,10
844,584,-1,0,0.1,7,10
839,583,-1,0,0.1,7,10
836,583,-1,0,0.1,7,10
833,583,-1,0,0.1,7,10
831,582,-1,0,0.1,7,10
828,582,-1,0,0.1,7,10
825,582,-1,0,0.1,7,10
821,581,-1,0,0.1,7,10
816,581,-1,0,0.1,7,10
811,581,-1,0,0.1,7,10
807,581,-1,0,0.1,7,10
802,581,-1,0,0.1,7,10
798,581,-1,0,0.1,7,10
795,581,-1,0,0.1,7,10
793,581,-1,0,0.1,7,10
791,581,-1,0,0.1,7,10
789,581,-1,0,0.1,7,10
787,581,-1,0,0.1,7,10
784,581,-1,0,0.1,7,10
781,581,-1,0,0.1,7,10
778,581,-1,0,0.1,7,10
774,581,-1,0,0.1,7,10
771,581,-1,0,0.1,7,10
768,581,-1,0,0.1,7,10
766,581,-1,0,0.1,7,10
763,581,-1,0,0.1,7,10
760,581,-1,0,0.1,7,10
759,581,-1,0,0.1,7,10
758,581,-1,0,0.1,7,10
757,581,-1,0,0.1,7,10
756,581,-1,0,0.1,7,10
754,581,-1,0,0.1,7,10
752,581,-1,0,0.1,7,10
749,581,-1,0,0.1,7,10
747,581,-1,0,0.1,7,10
744,581,-1,0,0.1,7,10
741,581,-1,0,0.1,7,10
738,581,-1,0,0.1,7,10
735,581,-1,0,0.1,7,10
732,581,-1,0,0.1,7,10
730,581,-1,0,0.1,7,10
727,581,-1,0,0.1,7,10
725,581,-1,0,0.1,7,10
724,580,-1,0,0.1,7,10
723,580,-1,0,0.1,7,10
722,580,-1,0,0.1,7,10
720,580,-1,0,0.1,7,10
719,580,-1,0,0.1,7,10
717,580,-1,0,0.1,7,10
715,580,-1,0,0.1,7,10
714,580,-1,0,0.1,7,10
713,580,-1,0,0.1,7,10
712,580,-1,0,0.1,7,10
711,580,-1,0,0.1,7,10
709,580,-1,0,0.1,7,10
706,580,-1,0,0.1,7,10
704,580,-1,0,0.1,7,10
702,580,-1,0,0.1,7,10
700,580,-1,0,0.1,7,10
698,580,-1,0,0.1,7,10
695,580,-1,0,0.1,7,10
692,580,-1,0,0.1,7,10
689,580,-1,0,0.1,7,10
687,580,-1,0,0.1,7,10
686,580,-1,0,0.1,7,10
685,580,-1,0,0.1,7,10
683,580,-1,0,0.1,7,10
682,580,-1,0,0.1,7,10
680,580,-1,0,0.1,7,10
679,580,-1,0,0.1,7,10
677,580,-1,0,0.1,7,10
676,580,-1,0,0.1,7,10
675,580,-1,0,0.1,7,10
673,580,-1,0,0.1,7,10
671,580,-1,0,0.1,7,10
668,580,-1,0,0.1,7,10
665,580,-1,0,0.1,7,10
662,580,-1,0,0.1,7,10
660,580,-1,0,0.1,7,10
659,580,-1,0,0.1,7,10
657,581,-1,0,0.1,7,10
656,581,-1,0,0.1,7,10
654,581,-1,0,0.1,7,10
653,581,-1,0,0.1,7,10
652,581,-1,0,0.1,7,10
651,581,-1,0,0.1,7,10
650,581,-1,0,0.1,7,10
648,581,-1,0,0.1,7,10
648,581,-1,0,0.1,7,10
647,581,-1,0,0.1,7,10
647,581,-1,0,0.1,7,10
646,581,-1,0,0.1,7,10
645,581,-1,0,0.1,7,10
644,581,-1,0,0.1,7,10
643,581,-1,0,0.1,7,10
641,581,-1,0,0.1,7,10
639,582,-1,0,0.1,7,10
637,582,-1,0,0.1,7,10
635,582,-1,0,0.1,7,10
635,582,-1,0,0.1,7,10
635,582,-1,0,0.1,7,10
635,582,-1,0,0.1,7,10
635,582,-1,0,0.1,7,10
635,582,-1,0,0.1,7,10
635,582,-1,0,0.1,7,10
635,582,-1,0,0.1,7,10
634,582,-1,0,0.1,7,10
634,582,-1,0,0.1,7,10
634,582,-1,0,0.1,7,10
634,582,-1,0,0.1,7,10
634,582,-1,0,0.1,7,10
634,582,-1,0,0.1,7,10
634,582,-1,0,0.1,7,10
634,582,-1,0,0.1,7,10
634,582,-1,0,0.1,7,10
634,582,-1,0,0.1,7,10
628,512,-1,0,0.1,7,10
628,512,-1,0,0.1,7,10
628,512,-1,0,0.1,7,10
628,512,-1,0,0.1,7,10
628,514,-1,0,0.1,7,10
628,516,-1,0,0.1,7,10
628,518,-1,0,0.1,7,10
628,521,-1,0,0.1,7,10
628,523,-1,0,0.1,7,10
629,526,-1,0,0.1,7,10
629,529,-1,0,0.1,7,10
630,531,-1,0,0.1,7,10
630,533,-1,0,0.1,7,10
631,534,-1,0,0.1,7,10
631,536,-1,0,0.1,7,10
632,539,-1,0,0.1,7,10
633,542,-1,0,0.1,7,10
635,545,-1,0,0.1,7,10
636,547,-1,0,0.1,7,10
638,551,-1,0,0.1,7,10
639,554,-1,0,0.1,7,10
640,556,-1,0,0.1,7,10
642,558,-1,0,0.1,7,10
644,561,-1,0,0.1,7,10
645,562,-1,0,0.1,7,10
647,564,-1,0,0.1,7,10
649,565,-1,0,0.1,7,10
650,567,-1,0,0.1,7,10
651,568,-1,0,0.1,7,10
653,569,-1,0,0.1,7,10
654,570,-1,0,0.1,7,10
655,570,-1,0,0.1,7,10
656,571,-1,0,0.1,7,10
656,571,-1,0,0.1,7,10
657,571,-1,0,0.1,7,10
657,572,-1,0,0.1,7,10
658,573,-1,0,0.1,7,10
660,575,-1,0,0.1,7,10
661,575,-1,0,0.1,7,10
661,575,-1,0,0.1,7,10
661,575,-1,0,0.1,7,10
661,575,-1,0,0.1,7,10
645,584,-1,0,0.1,7,10
645,585,-1,0,0.1,7,10
643,588,-1,0,0.1,7,10
641,592,-1,0,0.1,7,10
639,596,-1,0,0.1,7,10
636,600,-1,0,0.1,7,10
634,604,-1,0,0.1,7,10
632,608,-1,0,0.1,7,10
630,612,-1,0,0.1,7,10
628,614,-1,0,0.1,7,10
627,616,-1,0,0.1,7,10
625,619,-1,0,0.1,7,10
623,621,-1,0,0.1,7,10
621,624,-1,0,0.1,7,10
619,628,-1,0,0.1,7,10
617,630,-1,0,0.1,7,10
615,632,-1,0,0.1,7,10
613,634,-1,0,0.1,7,10
611,637,-1,0,0.1,7,10
609,638,-1,0,0.1,7,10
607,640,-1,0,0.1,7,10
605,642,-1,0,0.1,7,10
603,643,-1,0,0.1,7,10
602,644,-1,0,0.1,7,10
601,645,-1,0,0.1,7,10
600,645,-1,0,0.1,7,10
600,646,-1,0,0.1,7,10
600,646,-1,0,0.1,7,10
600,646,-1,0,0.1,7,10
600,646,-1,0,0.1,7,10
637,611,-1,0,0.1,7,10
637,613,-1,0,0.1,7,10
637,616,-1,0,0.1,7,10
638,619,-1,0,0.1,7,10
639,622,-1,0,0.1,7,10
641,625,-1,0,0.1,7,10
644,628,-1,0,0.1,7,10
648,632,-1,0,0.1,7,10
652,636,-1,0,0.1,7,10
656,639,-1,0,0.1,7,10
660,641,-1,0,0.1,7,10
663,643,-1,0,0.1,7,10
665,644,-1,0,0.1,7,10
668,645,-1,0,0.1,7,10
670,647,-1,0,0.1,7,10
673,650,-1,0,0.1,7,10
676,653,-1,0,0.1,7,10
680,655,-1,0,0.1,7,10
682,658,-1,0,0.1,7,10
685,660,-1,0,0.1,7,10
687,662,-1,0,0.1,7,10
689,664,-1,0,0.1,7,10
693,667,-1,0,0.1,7,10
695,669,-1,0,0.1,7,10
698,670,-1,0,0.1,7,10
700,671,-1,0,0.1,7,10
702,673,-1,0,0.1,7,10
704,674,-1,0,0.1,7,10
706,676,-1,0,0.1,7,10
708,677,-1,0,0.1,7,10
710,678,-1,0,0.1,7,10
712,680,-1,0,0.1,7,10
714,682,-1,0,0.1,7,10
714,682,-1,0,0.1,7,10
714,682,-1,0,0.1,7,10
714,682,-1,0,0.1,7,10
714,683,-1,0,0.1,7,10
714,683,-1,0,0.1,7,10
677,665,-1,0,0.1,7,10
675,667,-1,0,0.1,7,10
672,672,-1,0,0.1,7,10
668,677,-1,0,0.1,7,10
662,684,-1,0,0.1,7,10
655,692,-1,0,0.1,7,10
648,699,-1,0,0.1,7,10
642,704,-1,0,0.1,7,10
638,707,-1,0,0.1,7,10
636,709,-1,0,0.1,7,10
634,711,-1,0,0.1,7,10
632,713,-1,0,0.1,7,10
630,715,-1,0,0.1,7,10
628,718,-1,0,0.1,7,10
626,720,-1,0,0.1,7,10
623,723,-1,0,0.1,7,10
621,725,-1,0,0.1,7,10
618,728,-1,0,0.1,7,10
616,730,-1,0,0.1,7,10
613,733,-1,0,0.1,7,10
611,735,-1,0,0.1,7,10
608,738,-1,0,0.1,7,10
606,740,-1,0,0.1,7,10
603,742,-1,0,0.1,7,10
601,744,-1,0,0.1,7,10
598,746,-1,0,0.1,7,10
595,748,-1,0,0.1,7,10
593,749,-1,0,0.1,7,10
591,751,-1,0,0.1,7,10
588,752,-1,0,0.1,7,10
586,754,-1,0,0.1,7,10
583,755,-1,0,0.1,7,10
581,756,-1,0,0.1,7,10
579,757,-1,0,0.1,7,10
576,758,-1,0,0.1,7,10
574,760,-1,0,0.1,7,10
572,760,-1,0,0.1,7,10
571,761,-1,0,0.1,7,10
571,761,-1,0,0.1,7,10
570,761,-1,0,0.1,7,10
570,761,-1,0,0.1,7,10
569,762,-1,0,0.1,7,10
567,763,-1,0,0.1,7,10
566,763,-1,0,0.1,7,10
564,764,-1,0,0.1,7,10
562,765,-1,0,0.1,7,10
560,765,-1,0,0.1,7,10
560,765,-1,0,0.1,7,10
559,765,-1,0,0.1,7,10
559,766,-1,0,0.1,7,10
557,766,-1,0,0.1,7,10
555,766,-1,0,0.1,7,10
554,766,-1,0,0.1,7,10
552,766,-1,0,0.1,7,10
549,767,-1,0,0.1,7,10
545,768,-1,0,0.1,7,10
543,768,-1,0,0.1,7,10
542,769,-1,0,0.1,7,10
541,769,-1,0,0.1,7,10
539,769,-1,0,0.1,7,10
539,769,-1,0,0.1,7,10
538,769,-1,0,0.1,7,10
538,769,-1,0,0.1,7,10
538,769,-1,0,0.1,7,10
538,769,-1,0,0.1,7,10
538,769,-1,0,0.1,7,10
538,770,-1,0,0.1,7,10
536,770,-1,0,0.1,7,10
534,771,-1,0,0.1,7,10
531,772,-1,0,0.1,7,10
529,773,-1,0,0.1,7,10
527,774,-1,0,0.1,7,10
527,774,-1,0,0.1,7,10
526,774,-1,0,0.1,7,10
526,774,-1,0,0.1,7,10
525,775,-1,0,0.1,7,10
524,776,-1,0,0.1,7,10
524,776,-1,0,0.1,7,10
524,776,-1,0,0.1,7,10
523,776,-1,0,0.1,7,10
522,777,-1,0,0.1,7,10
521,777,-1,0,0.1,7,10
520,777,-1,0,0.1,7,10
520,777,-1,0,0.1,7,10
520,777,-1,0,0.1,7,10
519,777,-1,0,0.1,7,10
519,777,-1,0,0.1,7,10
519,777,-1,0,0.1,7,10
519,777,-1,0,0.1,7,10
519,777,-1,0,0.1,7,10
519,777,-1,0,0.1,7,10
519,777,-1,0,0.1,7,10
519,777,-1,0,0.1,7,10
519,777,-1,0,0.1,7,10
519,777,-1,0,0.1,7,10
519,777,-1,0,0.1,7,10
519,777,-1,0,0.1,7,10
519,777,-1,0,0.1,7,10
519,777,-1,0,0.1,7,10
519,777,-1,0,0.1,7,10
519,778,-1,0,0.1,7,10
518,778,-1,0,0.1,7,10
517,778,-1,0,0.1,7,10
517,779,-1,0,0.1,7,10
517,779,-1,0,0.1,7,10
517,779,-1,0,0.1,7,10
512,776,-1,0,0.1,7,10
512,776,-1,0,0.1,7,10
512,776,-1,0,0.1,7,10
512,776,-1,0,0.1,7,10
511,776,-1,0,0.1,7,10
509,777,-1,0,0.1,7,10
506,778,-1,0,0.1,7,10
503,780,-1,0,0.1,7,10
499,781,-1,0,0.1,7,10
495,782,-1,0,0.1,7,10
493,784,-1,0,0.1,7,10
492,784,-1,0,0.1,7,10
491,785,-1,0,0.1,7,10
490,785,-1,0,0.1,7,10
490,786,-1,0,0.1,7,10
489,787,-1,0,0.1,7,10
487,788,-1,0,0.1,7,10
485,789,-1,0,0.1,7,10
484,791,-1,0,0.1,7,10
482,792,-1,0,0.1,7,10
480,793,-1,0,0.1,7,10
478,794,-1,0,0.1,7,10
476,795,-1,0,0.1,7,10
475,796,-1,0,0.1,7,10
474,797,-1,0,0.1,7,10
473,798,-1,0,0.1,7,10
472,799,-1,0,0.1,7,10
471,800,-1,0,0.1,7,10
469,802,-1,0,0.1,7,10
468,803,-1,0,0.1,7,10
467,803,-1,0,0.1,7,10
467,804,-1,0,0.1,7,10
466,805,-1,0,0.1,7,10
465,806,-1,0,0.1,7,10
464,807,-1,0,0.1,7,10
463,808,-1,0,0.1,7,10
461,810,-1,0,0.1,7,10
460,811,-1,0,0.1,7,10
459,812,-1,0,0.1,7,10
458,813,-1,0,0.1,7,10
457,815,-1,0,0.1,7,10
456,815,-1,0,0.1,7,10
456,816,-1,0,0.1,7,10
455,817,-1,0,0.1,7,10
454,818,-1,0,0.1,7,10
453,820,-1,0,0.1,7,10
451,821,-1,0,0.1,7,10
450,822,-1,0,0.1,7,10
449,824,-1,0,0.1,7,10
448,826,-1,0,0.1,7,10
446,828,-1,0,0.1,7,10
444,830,-1,0,0.1,7,10
442,832,-1,0,0.1,7,10
440,833,-1,0,0.1,7,10
438,835,-1,0,0.1,7,10
437,837,-1,0,0.1,7,10
435,838,-1,0,0.1,7,10
433,840,-1,0,0.1,7,10
432,841,-1,0,0.1,7,10
430,844,-1,0,0.1,7,10
427,846,-1,0,0.1,7,10
425,848,-1,0,0.1,7,10
422,849,-1,0,0.1,7,10
421,851,-1,0,0.1,7,10
420,852,-1,0,0.1,7,10
419,852,-1,0,0.1,7,10
417,853,-1,0,0.1,7,10
416,855,-1,0,0.1,7,10
414,856,-1,0,0.1,7,10
412,858,-1,0,0.1,7,10
411,859,-1,0,0.1,7,10
409,861,-1,0,0.1,7,10
407,862,-1,0,0.1,7,10
404,864,-1,0,0.1,7,10
402,866,-1,0,0.1,7,10
400,867,-1,0,0.1,7,10
396,870,-1,0,0.1,7,10
392,872,-1,0,0.1,7,10
388,874,-1,0,0.1,7,10
384,876,-1,0,0.1,7,10
381,878,-1,0,0.1,7,10
377,880,-1,0,0.1,7,10
374,881,-1,0,0.1,7,10
371,883,-1,0,0.1,7,10
368,885,-1,0,0.1,7,10
364,887,-1,0,0.1,7,10
361,889,-1,0,0.1,7,10
357,891,-1,0,0.1,7,10
354,893,-1,0,0.1,7,10
350,895,-1,0,0.1,7,10
348,896,-1,0,0.1,7,10
344,897,-1,0,0.1,7,10
341,899,-1,0,0.1,7,10
338,900,-1,0,0.1,7,10
334,901,-1,0,0.1,7,10
331,903,-1,0,0.1,7,10
328,904,-1,0,0.1,7,10
324,905,-1,0,0.1,7,10
321,906,-1,0,0.1,7,10
319,907,-1,0,0.1,7,10
316,908,-1,0,0.1,7,10
314,909,-1,0,0.1,7,10
311,909,-1,0,0.1,7,10
310,910,-1,0,0.1,7,10
308,910,-1,0,0.1,7,10
305,911,-1,0,0.1,7,10
302,912,-1,0,0.1,7,10
299,913,-1,0,0.1,7,10
296,914,-1,0,0.1,7,10
292,914,-1,0,0.1,7,10
289,915,-1,0,0.1,7,10
287,916,-1,0,0.1,7,10
284,916,-1,0,0.1,7,10
282,917,-1,0,0.1,7,10
281,917,-1,0,0.1,7,10
279,917,-1,0,0.1,7,10
278,918,-1,0,0.1,7,10
276,918,-1,0,0.1,7,10
274,918,-1,0,0.1,7,10
270,919,-1,0,0.1,7,10
268,920,-1,0,0.1,7,10
266,920,-1,0,0.1,7,10
265,920,-1,0,0.1,7,10
264,920,-1,0,0.1,7,10
262,921,-1,0,0.1,7,10
260,921,-1,0,0.1,7,10
259,921,-1,0,0.1,7,10
258,922,-1,0,0.1,7,10
257,922,-1,0,0.1,7,10
256,922,-1,0,0.1,7,10
255,923,-1,0,0.1,7,10
254,923,-1,0,0.1,7,10
252,923,-1,0,0.1,7,10
251,924,-1,0,0.1,7,10
249,924,-1,0,0.1,7,10
249,925,-1,0,0.1,7,10
248,925,-1,0,0.1,7,10
247,925,-1,0,0.1,7,10
246,926,-1,0,0.1,7,10
245,926,-1,0,0.1,7,10
244,926,-1,0,0.1,7,10
243,927,-1,0,0.1,7,10
242,927,-1,0,0.1,7,10
241,928,-1,0,0.1,7,10
239,928,-1,0,0.1,7,10
237,929,-1,0,0.1,7,10
236,930,-1,0,0.1,7,10
235,930,-1,0,0.1,7,10
233,931,-1,0,0.1,7,10
232,931,-1,0,0.1,7,10
231,932,-1,0,0.1,7,10
231,932,-1,0,0.1,7,10
230,932,-1,0,0.1,7,10
230,932,-1,0,0.1,7,10
229,933,-1,0,0.1,7,10
227,933,-1,0,0.1,7,10
226,934,-1,0,0.1,7,10
225,934,-1,0,0.1,7,10
225,934,-1,0,0.1,7,10
224,934,-1,0,0.1,7,10
223,935,-1,0,0.1,7,10
222,935,-1,0,0.1,7,10
222,935,-1,0,0.1,7,10
222,935,-1,0,0.1,7,10
222,935,-1,0,0.1,7,10
222,936,-1,0,0.1,7,10
221,936,-1,0,0.1,7,10
220,937,-1,0,0.1,7,10
220,937,-1,0,0.1,7,10
220,937,-1,0,0.1,7,10
220,937,-1,0,0.1,7,10
219,937,-1,0,0.1,7,10
219,938,-1,0,0.1,7,10
218,938,-1,0,0.1,7,10
218,938,-1,0,0.1,7,10
217,939,-1,0,0.1,7,10
217,939,-1,0,0.1,7,10
216,940,-1,0,0.1,7,10
216,940,-1,0,0.1,7,10
216,940,-1,0,0.1,7,10
216,940,-1,0,0.1,7,10
215,940,-1,0,0.1,7,10
215,940,-1,0,0.1,7,10
215,941,-1,0,0.1,7,10
214,941,-1,0,0.1,7,10
214,941,-1,0,0.1,7,10
214,941,-1,0,0.1,7,10
214,941,-1,0,0.1,7,10
214,941,-1,0,0.1,7,10
214,941,-1,0,0.1,7,10
214,941,-1,0,0.1,7,10
214,941,-1,0,0.1,7,10
214,941,-1,0,0.1,7,10
585,880,-1,0,0.1,2,10
585,880,-1,0,0.1,2,10
585,880,-1,0,0.1,2,10
584,881,-1,0,0.1,2,10
583,883,-1,0,0.1,2,10
583,884,-1,0,0.1,2,10
583,886,-1,0,0.1,2,10
583,889,-1,0,0.1,2,10
583,892,-1,0,0.1,2,10
583,895,-1,0,0.1,2,10
582,898,-1,0,0.1,2,10
582,901,-1,0,0.1,2,10
582,904,-1,0,0.1,2,10
582,907,-1,0,0.1,2,10
581,910,-1,0,0.1,2,10
581,914,-1,0,0.1,2,10
581,917,-1,0,0.1,2,10
581,920,-1,0,0.1,2,10
581,924,-1,0,0.1,2,10
581,926,-1,0,0.1,2,10
581,928,-1,0,0.1,2,10
581,929,-1,0,0.1,2,10
581,931,-1,0,0.1,2,10
581,933,-1,0,0.1,2,10
581,934,-1,0,0.1,2,10
581,934,-1,0,0.1,2,10
581,935,-1,0,0.1,2,10
581,936,-1,0,0.1,2,10
581,937,-1,0,0.1,2,10
581,937,-1,0,0.1,2,10
581,937,-1,0,0.1,2,10
581,938,-1,0,0.1,2,10
580,938,-1,0,0.1,2,10
580,939,-1,0,0.1,2,10
580,939,-1,0,0.1,2,10
580,939,-1,0,0.1,2,10
580,939,-1,0,0.1,2,10
580,940,-1,0,0.1,2,10
580,941,-1,0,0.1,2,10
580,941,-1,0,0.1,2,10
580,941,-1,0,0.1,2,10
580,941,-1,0,0.1,2,10
580,941,-1,0,0.1,2,10
580,941,-1,0,0.1,2,10
580,941,-1,0,0.1,2,10
580,941,-1,0,0.1,2,10
580,941,-1,0,0.1,2,10
580,943,-1,0,0.1,2,10
580,945,-1,0,0.1,2,10
580,945,-1,0,0.1,2,10
580,945,-1,0,0.1,2,10
580,945,-1,0,0.1,2,10
580,945,-1,0,0.1,2,10
580,945,-1,0,0.1,2,10
580,945,-1,0,0.1,2,10
580,945,-1,0,0.1,2,10
580,945,-1,0,0.1,2,10
580,945,-1,0,0.1,2,10
580,945,-1,0,0.1,2,10
580,945,-1,0,0.1,2,10
366,933,-1,0,1,1,10
373,933,-1,0,1,1,10
379,933,-1,0,1,1,10
383,933,-1,0,1,1,10
386,933,-1,0,1,1,10
387,932,-1,0,1,1,10
388,932,-1,0,1,1,10
389,932,-1,0,1,1,10
392,932,-1,0,1,1,10
395,932,-1,0,1,1,10
401,932,-1,0,1,1,10
407,932,-1,0,1,1,10
412,932,-1,0,1,1,10
415,932,-1,0,1,1,10
418,932,-1,0,1,1,10
421,932,-1,0,1,1,10
425,932,-1,0,1,1,10
428,932,-1,0,1,1,10
433,932,-1,0,1,1,10
439,933,-1,0,1,1,10
448,933,-1,0,1,1,10
456,934,-1,0,1,1,10
463,934,-1,0,1,1,10
470,934,-1,0,1,1,10
476,934,-1,0,1,1,10
481,934,-1,0,1,1,10
486,934,-1,0,1,1,10
491,934,-1,0,1,1,10
495,934,-1,0,1,1,10
500,934,-1,0,1,1,10
505,935,-1,0,1,1,10
509,936,-1,0,1,1,10
514,936,-1,0,1,1,10
519,937,-1,0,1,1,10
524,937,-1,0,1,1,10
527,938,-1,0,1,1,10
530,938,-1,0,1,1,10
534,938,-1,0,1,1,10
539,938,-1,0,1,1,10
544,938,-1,0,1,1,10
547,937,-1,0,1,1,10
548,937,-1,0,1,1,10
549,936,-1,0,1,1,10
551,935,-1,0,1,1,10
552,934,-1,0,1,1,10
553,932,-1,0,1,1,10
555,930,-1,0,1,1,10
555,927,-1,0,1,1,10
555,925,-1,0,1,1,10
554,922,-1,0,1,1,10
551,918,-1,0,1,1,10
548,915,-1,0,1,1,10
545,913,-1,0,1,1,10
542,912,-1,0,1,1,10
538,911,-1,0,1,1,10
534,911,-1,0,1,1,10
529,910,-1,0,1,1,10
524,910,-1,0,1,1,10
519,910,-1,0,1,1,10
514,910,-1,0,1,1,10
508,909,-1,0,1,1,10
502,909,-1,0,1,1,10
496,908,-1,0,1,1,10
490,908,-1,0,1,1,10
483,908,-1,0,1,1,10
477,908,-1,0,1,1,10
470,908,-1,0,1,1,10
463,908,-1,0,1,1,10
457,909,-1,0,1,1,10
451,909,-1,0,1,1,10
446,909,-1,0,1,1,10
441,910,-1,0,1,1,10
438,910,-1,0,1,1,10
435,910,-1,0,1,1,10
432,911,-1,0,1,1,10
429,911,-1,0,1,1,10
425,912,-1,0,1,1,10
422,913,-1,0,1,1,10
419,914,-1,0,1,1,10
415,914,-1,0,1,1,10
409,915,-1,0,1,1,10
403,916,-1,0,1,1,10
397,916,-1,0,1,1,10
390,917,-1,0,1,1,10
384,917,-1,0,1,1,10
378,918,-1,0,1,1,10
373,919,-1,0,1,1,10
368,920,-1,0,1,1,10
363,920,-1,0,1,1,10
359,920,-1,0,1,1,10
356,921,-1,0,1,1,10
354,922,-1,0,1,1,10
351,922,-1,0,1,1,10
349,923,-1,0,1,1,10
346,923,-1,0,1,1,10
344,924,-1,0,1,1,10
342,925,-1,0,1,1,10
340,926,-1,0,1,1,10
337,927,-1,0,1,1,10
335,928,-1,0,1,1,10
333,929,-1,0,1,1,10
331,930,-1,0,1,1,10
329,931,-1,0,1,1,10
327,932,-1,0,1,1,10
325,933,-1,0,1,1,10
322,934,-1,0,1,1,10
320,934,-1,0,1,1,10
317,935,-1,0,1,1,10
315,935,-1,0,1,1,10
313,936,-1,0,1,1,10
311,936,-1,0,1,1,10
310,937,-1,0,1,1,10
310,937,-1,0,1,1,10
310,937,-1,0,1,1,10
310,937,-1,0,1,1,10
310,937,-1,0,1,1,10
309,937,-1,0,1,1,10
221,908,-1,0,1,1,10
221,908,-1,0,1,1,10
219,908,-1,0,1,1,10
216,908,-1,0,1,1,10
211,907,-1,0,1,1,10
204,906,-1,0,1,1,10
197,905,-1,0,1,1,10
189,905,-1,0,1,1,10
181,905,-1,0,1,1,10
173,905,-1,0,1,1,10
166,905,-1,0,1,1,10
160,905,-1,0,1,1,10
154,905,-1,0,1,1,10
148,905,-1,0,1,1,10
143,905,-1,0,1,1,10
138,905,-1,0,1,1,10
132,905,-1,0,1,1,10
126,905,-1,0,1,1,10
120,905,-1,0,1,1,10
116,905,-1,0,1,1,10
112,905,-1,0,1,1,10
109,906,-1,0,1,1,10
106,906,-1,0,1,1,10
104,907,-1,0,1,1,10
100,907,-1,0,1,1,10
97,908,-1,0,1,1,10
94,909,-1,0,1,1,10
91,910,-1,0,1,1,10
91,910,-1,0,1,1,10
90,911,-1,0,1,1,10
90,912,-1,0,1,1,10
89,913,-1,0,1,1,10
88,915,-1,0,1,1,10
88,917,-1,0,1,1,10
87,919,-1,0,1,1,10
87,920,-1,0,1,1,10
87,920,-1,0,1,1,10
86,922,-1,0,1,1,10
85,923,-1,0,1,1,10
84,925,-1,0,1,1,10
82,926,-1,0,1,1,10
81,927,-1,0,1,1,10
81,927,-1,0,1,1,10
80,927,-1,0,1,1,10
80,928,-1,0,1,1,10
79,928,-1,0,1,1,10
79,929,-1,0,1,1,10
79,929,-1,0,1,1,10
79,929,-1,0,1,1,10
79,929,-1,0,1,1,10
79,929,-1,0,1,1,10
79,930,-1,0,1,1,10
87,931,-1,0,1,1,10
94,932,-1,0,1,1,10
102,932,-1,0,1,1,10
107,932,-1,0,1,1,10
110,932,-1,0,1,1,10
110,932,-1,0,1,1,10
111,932,-1,0,1,1,10
113,932,-1,0,1,1,10
116,932,-1,0,1,1,10
120,933,-1,0,1,1,10
123,933,-1,0,1,1,10
126,934,-1,0,1,1,10
132,935,-1,0,1,1,10
138,937,-1,0,1,1,10
146,938,-1,0,1,1,10
152,939,-1,0,1,1,10
156,939,-1,0,1,1,10
158,940,-1,0,1,1,10
160,940,-1,0,1,1,10
161,940,-1,0,1,1,10
164,940,-1,0,1,1,10
167,940,-1,0,1,1,10
171,939,-1,0,1,1,10
173,939,-1,0,1,1,10
175,938,-1,0,1,1,10
176,938,-1,0,1,1,10
177,938,-1,0,1,1,10
177,938,-1,0,1,1,10
177,938,-1,0,1,1,10
177,937,-1,0,1,1,10
178,937,-1,0,1,1,10
179,935,-1,0,1,1,10
180,935,-1,0,1,1,10
180,933,-1,0,1,1,10
180,932,-1,0,1,1,10
181,930,-1,0,1,1,10
181,929,-1,0,1,1,10
181,928,-1,0,1,1,10
180,927,-1,0,1,1,10
177,925,-1,0,1,1,10
173,924,-1,0,1,1,10
169,923,-1,0,1,1,10
163,922,-1,0,1,1,10
157,922,-1,0,1,1,10
151,922,-1,0,1,1,10
146,922,-1,0,1,1,10
140,922,-1,0,1,1,10
136,922,-1,0,1,1,10
133,922,-1,0,1,1,10
131,922,-1,0,1,1,10
130,922,-1,0,1,1,10
129,922,-1,0,1,1,10
128,922,-1,0,1,1,10
126,922,-1,0,1,1,10
125,923,-1,0,1,1,10
124,923,-1,0,1,1,10
122,923,-1,0,1,1,10
120,923,-1,0,1,1,10
118,923,-1,0,1,1,10
115,923,-1,0,1,1,10
114,923,-1,0,1,1,10
114,923,-1,0,1,1,10
114,923,-1,0,1,1,10
114,923,-1,0,1,1,10
114,923,-1,0,1,1,10
114,923,-1,0,1,1,10
114,923,-1,0,1,1,10
114,923,-1,0,1,1,10
114,923,-1,0,1,1,10
723,386,1,0,0.1,8,10
723,388.95,1,0,0.1,8,10
723,391.9,1,0,0.1,8,10
723,394.85,1,0,0.1,8,10
725.95,386,1,0,0.1,8,10
725.95,388.95,1,0,0.1,8,10
725.95,391.9,1,0,0.1,8,10
725.95,394.85,1,0,0.1,8,10
728.9,386,1,0,0.1,8,10
728.9,388.95,1,0,0.1,8,10
728.9,391.9,1,0,0.1,8,10
728.9,394.85,1,0,0.1,8,10
731.85,386,1,0,0.1,8,10
731.85,388.95,1,0,0.1,8,10
731.85,391.9,1,0,0.1,8,10
731.85,394.85,1,0,0.1,8,10
723,386,1,0,0.1,8,10
723,388.95,1,0,0.1,8,10
723,391.9,1,0,0.1,8,10
723,394.85,1,0,0.1,8,10
725.95,386,1,0,0.1,8,10
725.95,388.95,1,0,0.1,8,10
725.95,391.9,1,0,0.1,8,10
725.95,394.85,1,0,0.1,8,10
728.9,386,1,0,0.1,8,10
728.9,388.95,1,0,0.1,8,10
728.9,391.9,1,0,0.1,8,10
728.9,394.85,1,0,0.1,8,10
731.85,386,1,0,0.1,8,10
731.85,388.95,1,0,0.1,8,10
731.85,391.9,1,0,0.1,8,10
731.85,394.85,1,0,0.1,8,10
723,386,1,0,0.1,8,10
723,388.95,1,0,0.1,8,10
723,391.9,1,0,0.1,8,10
723,394.85,1,0,0.1,8,10
725.95,386,1,0,0.1,8,10
725.95,388.95,1,0,0.1,8,10
725.95,391.9,1,0,0.1,8,10
725.95,394.85,1,0,0.1,8,10
728.9,386,1,0,0.1,8,10
728.9,388.95,1,0,0.1,8,10
728.9,391.9,1,0,0.1,8,10
728.9,394.85,1,0,0.1,8,10
731.85,386,1,0,0.1,8,10
731.85,388.95,1,0,0.1,8,10
731.85,391.9,1,0,0.1,8,10
731.85,394.85,1,0,0.1,8,10
771,396,1,0,0.1,8,10
771,398.95,1,0,0.1,8,10
771,401.9,1,0,0.1,8,10
771,404.85,1,0,0.1,8,10
773.95,396,1,0,0.1,8,10
773.95,398.95,1,0,0.1,8,10
773.95,401.9,1,0,0.1,8,10
773.95,404.85,1,0,0.1,8,10
776.9,396,1,0,0.1,8,10
776.9,398.95,1,0,0.1,8,10
776.9,401.9,1,0,0.1,8,10
776.9,404.85,1,0,0.1,8,10
779.85,396,1,0,0.1,8,10
779.85,398.95,1,0,0.1,8,10
779.85,401.9,1,0,0.1,8,10
779.85,404.85,1,0,0.1,8,10
771,396,1,0,0.1,8,10
771,398.95,1,0,0.1,8,10
771,401.9,1,0,0.1,8,10
771,404.85,1,0,0.1,8,10
773.95,396,1,0,0.1,8,10
773.95,398.95,1,0,0.1,8,10
773.95,401.9,1,0,0.1,8,10
773.95,404.85,1,0,0.1,8,10
776.9,396,1,0,0.1,8,10
776.9,398.95,1,0,0.1,8,10
776.9,401.9,1,0,0.1,8,10
776.9,404.85,1,0,0.1,8,10
779.85,396,1,0,0.1,8,10
779.85,398.95,1,0,0.1,8,10
779.85,401.9,1,0,0.1,8,10
779.85,404.85,1,0,0.1,8,10
771,396,1,0,0.1,8,10
771,398.95,1,0,0.1,8,10
771,401.9,1,0,0.1,8,10
771,404.85,1,0,0.1,8,10
773.95,396,1,0,0.1,8,10
773.95,398.95,1,0,0.1,8,10
773.95,401.9,1,0,0.1,8,10
773.95,404.85,1,0,0.1,8,10
776.9,396,1,0,0.1,8,10
776.9,398.95,1,0,0.1,8,10
776.9,401.9,1,0,0.1,8,10
776.9,404.85,1,0,0.1,8,10
779.85,396,1,0,0.1,8,10
779.85,398.95,1,0,0.1,8,10
779.85,401.9,1,0,0.1,8,10
779.85,404.85,1,0,0.1,8,10
771,396,1,0,0.1,8,10
771,398.95,1,0,0.1,8,10
771,401.9,1,0,0.1,8,10
771,404.85,1,0,0.1,8,10
773.95,396,1,0,0.1,8,10
773.95,398.95,1,0,0.1,8,10
773.95,401.9,1,0,0.1,8,10
773.95,404.85,1,0,0.1,8,10
776.9,396,1,0,0.1,8,10
776.9,398.95,1,0,0.1,8,10
776.9,401.9,1,0,0.1,8,10
776.9,404.85,1,0,0.1,8,10
779.85,396,1,0,0.1,8,10
779.85,398.95,1,0,0.1,8,10
779.85,401.9,1,0,0.1,8,10
779.85,404.85,1,0,0.1,8,10
771,396,1,0,0.1,8,10
771,398.95,1,0,0.1,8,10
771,401.9,1,0,0.1,8,10
771,404.85,1,0,0.1,8,10
773.95,396,1,0,0.1,8,10
773.95,398.95,1,0,0.1,8,10
773.95,401.9,1,0,0.1,8,10
773.95,404.85,1,0,0.1,8,10
776.9,396,1,0,0.1,8,10
776.9,398.95,1,0,0.1,8,10
776.9,401.9,1,0,0.1,8,10
776.9,404.85,1,0,0.1,8,10
779.85,396,1,0,0.1,8,10
779.85,398.95,1,0,0.1,8,10
779.85,401.9,1,0,0.1,8,10
779.85,404.85,1,0,0.1,8,10
771,396,1,0,0.1,8,10
771,398.95,1,0,0.1,8,10
771,401.9,1,0,0.1,8,10
771,404.85,1,0,0.1,8,10
773.95,396,1,0,0.1,8,10
773.95,398.95,1,0,0.1,8,10
773.95,401.9,1,0,0.1,8,10
773.95,404.85,1,0,0.1,8,10
776.9,396,1,0,0.1,8,10
776.9,398.95,1,0,0.1,8,10
776.9,401.9,1,0,0.1,8,10
776.9,404.85,1,0,0.1,8,10
779.85,396,1,0,0.1,8,10
779.85,398.95,1,0,0.1,8,10
779.85,401.9,1,0,0.1,8,10
779.85,404.85,1,0,0.1,8,10
819,395,1,0,0.1,8,10
819,397.95,1,0,0.1,8,10
819,400.9,1,0,0.1,8,10
819,403.85,1,0,0.1,8,10
821.95,395,1,0,0.1,8,10
821.95,397.95,1,0,0.1,8,10
821.95,400.9,1,0,0.1,8,10
821.95,403.85,1,0,0.1,8,10
824.9,395,1,0,0.1,8,10
824.9,397.95,1,0,0.1,8,10
824.9,400.9,1,0,0.1,8,10
824.9,403.85,1,0,0.1,8,10
827.85,395,1,0,0.1,8,10
827.85,397.95,1,0,0.1,8,10
827.85,400.9,1,0,0.1,8,10
827.85,403.85,1,0,0.1,8,10
819,395,1,0,0.1,8,10
819,397.95,1,0,0.1,8,10
819,400.9,1,0,0.1,8,10
819,403.85,1,0,0.1,8,10
821.95,395,1,0,0.1,8,10
821.95,397.95,1,0,0.1,8,10
821.95,400.9,1,0,0.1,8,10
821.95,403.85,1,0,0.1,8,10
824.9,395,1,0,0.1,8,10
824.9,397.95,1,0,0.1,8,10
824.9,400.9,1,0,0.1,8,10
824.9,403.85,1,0,0.1,8,10
827.85,395,1,0,0.1,8,10
827.85,397.95,1,0,0.1,8,10
827.85,400.9,1,0,0.1,8,10
827.85,403.85,1,0,0.1,8,10
819,395,1,0,0.1,8,10
819,397.95,1,0,0.1,8,10
819,400.9,1,0,0.1,8,10
819,403.85,1,0,0.1,8,10
821.95,395,1,0,0.1,8,10
821.95,397.95,1,0,0.1,8,10
821.95,400.9,1,0,0.1,8,10
821.95,403.85,1,0,0.1,8,10
824.9,395,1,0,0.1,8,10
824.9,397.95,1,0,0.1,8,10
824.9,400.9,1,0,0.1,8,10
824.9,403.85,1,0,0.1,8,10
827.85,395,1,0,0.1,8,10
827.85,397.95,1,0,0.1,8,10
827.85,400.9,1,0,0.1,8,10
827.85,403.85,1,0,0.1,8,10
819,395,1,0,0.1,8,10
819,397.95,1,0,0.1,8,10
819,400.9,1,0,0.1,8,10
819,403.85,1,0,0.1,8,10
821.95,395,1,0,0.1,8,10
821.95,397.95,1,0,0.1,8,10
821.95,400.9,1,0,0.1,8,10
821.95,403.85,1,0,0.1,8,10
824.9,395,1,0,0.1,8,10
824.9,397.95,1,0,0.1,8,10
824.9,400.9,1,0,0.1,8,10
824.9,403.85,1,0,0.1,8,10
827.85,395,1,0,0.1,8,10
827.85,397.95,1,0,0.1,8,10
827.85,400.9,1,0,0.1,8,10
827.85,403.85,1,0,0.1,8,10
819,395,1,0,0.1,8,10
819,397.95,1,0,0.1,8,10
819,400.9,1,0,0.1,8,10
819,403.85,1,0,0.1,8,10
821.95,395,1,0,0.1,8,10
821.95,397.95,1,0,0.1,8,10
821.95,400.9,1,0,0.1,8,10
821.95,403.85,1,0,0.1,8,10
824.9,395,1,0,0.1,8,10
824.9,397.95,1,0,0.1,8,10
824.9,400.9,1,0,0.1,8,10
824.9,403.85,1,0,0.1,8,10
827.85,395,1,0,0.1,8,10
827.85,397.95,1,0,0.1,8,10
827.85,400.9,1,0,0.1,8,10
827.85,403.85,1,0,0.1,8,10
799,418,1,0,0.1,8,10
799,420.95,1,0,0.1,8,10
799,423.9,1,0,0.1,8,10
799,426.85,1,0,0.1,8,10
801.95,418,1,0,0.1,8,10
801.95,420.95,1,0,0.1,8,10
801.95,423.9,1,0,0.1,8,10
801.95,426.85,1,0,0.1,8,10
804.9,418,1,0,0.1,8,10
804.9,420.95,1,0,0.1,8,10
804.9,423.9,1,0,0.1,8,10
804.9,426.85,1,0,0.1,8,10
807.85,418,1,0,0.1,8,10
807.85,420.95,1,0,0.1,8,10
807.85,423.9,1,0,0.1,8,10
807.85,426.85,1,0,0.1,8,10
799,418,1,0,0.1,8,10
799,420.95,1,0,0.1,8,10
799,423.9,1,0,0.1,8,10
799,426.85,1,0,0.1,8,10
801.95,418,1,0,0.1,8,10
801.95,420.95,1,0,0.1,8,10
801.95,423.9,1,0,0.1,8,10
801.95,426.85,1,0,0.1,8,10
804.9,418,1,0,0.1,8,10
804.9,420.95,1,0,0.1,8,10
804.9,423.9,1,0,0.1,8,10
804.9,426.85,1,0,0.1,8,10
807.85,418,1,0,0.1,8,10
807.85,420.95,1,0,0.1,8,10
807.85,423.9,1,0,0.1,8,10
807.85,426.85,1,0,0.1,8,10
799,418,1,0,0.1,8,10
799,420.95,1,0,0.1,8,10
799,423.9,1,0,0.1,8,10
799,426.85,1,0,0.1,8,10
801.95,418,1,0,0.1,8,10
801.95,420.95,1,0,0.1,8,10
801.95,423.9,1,0,0.1,8,10
801.95,426.85,1,0,0.1,8,10
804.9,418,1,0,0.1,8,10
804.9,420.95,1,0,0.1,8,10
804.9,423.9,1,0,0.1,8,10
804.9,426.85,1,0,0.1,8,10
807.85,418,1,0,0.1,8,10
807.85,420.95,1,0,0.1,8,10
807.85,423.9,1,0,0.1,8,10
807.85,426.85,1,0,0.1,8,10
799,418,1,0,0.1,8,10
799,420.95,1,0,0.1,8,10
799,423.9,1,0,0.1,8,10
799,426.85,1,0,0.1,8,10
801.95,418,1,0,0.1,8,10
801.95,420.95,1,0,0.1,8,10
801.95,423.9,1,0,0.1,8,10
801.95,426.85,1,0,0.1,8,10
804.9,418,1,0,0.1,8,10
804.9,420.95,1,0,0.1,8,10
804.9,423.9,1,0,0.1,8,10
804.9,426.85,1,0,0.1,8,10
807.85,418,1,0,0.1,8,10
807.85,420.95,1,0,0.1,8,10
807.85,423.9,1,0,0.1,8,10
807.85,426.85,1,0,0.1,8,10
799,418,1,0,0.1,8,10
799,420.95,1,0,0.1,8,10
799,423.9,1,0,0.1,8,10
799,426.85,1,0,0.1,8,10
801.95,418,1,0,0.1,8,10
801.95,420.95,1,0,0.1,8,10
801.95,423.9,1,0,0.1,8,10
801.95,426.85,1,0,0.1,8,10
804.9,418,1,0,0.1,8,10
804.9,420.95,1,0,0.1,8,10
804.9,423.9,1,0,0.1,8,10
804.9,426.85,1,0,0.1,8,10
807.85,418,1,0,0.1,8,10
807.85,420.95,1,0,0.1,8,10
807.85,423.9,1,0,0.1,8,10
807.85,426.85,1,0,0.1,8,10
745,408,1,0,0.1,8,10
745,410.95,1,0,0.1,8,10
745,413.9,1,0,0.1,8,10
745,416.85,1,0,0.1,8,10
747.95,408,1,0,0.1,8,10
747.95,410.95,1,0,0.1,8,10
747.95,413.9,1,0,0.1,8,10
747.95,416.85,1,0,0.1,8,10
750.9,408,1,0,0.1,8,10
750.9,410.95,1,0,0.1,8,10
750.9,413.9,1,0,0.1,8,10
750.9,416.85,1,0,0.1,8,10
753.85,408,1,0,0.1,8,10
753.85,410.95,1,0,0.1,8,10
753.85,413.9,1,0,0.1,8,10
753.85,416.85,1,0,0.1,8,10
745,408,1,0,0.1,8,10
745,410.95,1,0,0.1,8,10
745,413.9,1,0,0.1,8,10
745,416.85,1,0,0.1,8,10
747.95,408,1,0,0.1,8,10
747.95,410.95,1,0,0.1,8,10
747.95,413.9,1,0,0.1,8,10
747.95,416.85,1,0,0.1,8,10
750.9,408,1,0,0.1,8,10
750.9,410.95,1,0,0.1,8,10
750.9,413.9,1,0,0.1,8,10
750.9,416.85,1,0,0.1,8,10
753.85,408,1,0,0.1,8,10
753.85,410.95,1,0,0.1,8,10
753.85,413.9,1,0,0.1,8,10
753.85,416.85,1,0,0.1,8,10
745,408,1,0,0.1,8,10
745,410.95,1,0,0.1,8,10
745,413.9,1,0,0.1,8,10
745,416.85,1,0,0.1,8,10
747.95,408,1,0,0.1,8,10
747.95,410.95,1,0,0.1,8,10
747.95,413.9,1,0,0.1,8,10
747.95,416.85,1,0,0.1,8,10
750.9,408,1,0,0.1,8,10
750.9,410.95,1,0,0.1,8,10
750.9,413.9,1,0,0.1,8,10
750.9,416.85,1,0,0.1,8,10
753.85,408,1,0,0.1,8,10
753.85,410.95,1,0,0.1,8,10
753.85,413.9,1,0,0.1,8,10
753.85,416.85,1,0,0.1,8,10
745,408,1,0,0.1,8,10
745,410.95,1,0,0.1,8,10
745,413.9,1,0,0.1,8,10
745,416.85,1,0,0.1,8,10
747.95,408,1,0,0.1,8,10
747.95,410.95,1,0,0.1,8,10
747.95,413.9,1,0,0.1,8,10
747.95,416.85,1,0,0.1,8,10
750.9,408,1,0,0.1,8,10
750.9,410.95,1,0,0.1,8,10
750.9,413.9,1,0,0.1,8,10
750.9,416.85,1,0,0.1,8,10
753.85,408,1,0,0.1,8,10
753.85,410.95,1,0,0.1,8,10
753.85,413.9,1,0,0.1,8,10
753.85,416.85,1,0,0.1,8,10
533,461,1,0,0.1,8,10
533,463.95,1,0,0.1,8,10
533,466.9,1,0,0.1,8,10
533,469.85,1,0,0.1,8,10
535.95,461,1,0,0.1,8,10
535.95,463.95,1,0,0.1,8,10
535.95,466.9,1,0,0.1,8,10
535.95,469.85,1,0,0.1,8,10
538.9,461,1,0,0.1,8,10
538.9,463.95,1,0,0.1,8,10
538.9,466.9,1,0,0.1,8,10
538.9,469.85,1,0,0.1,8,10
541.85,461,1,0,0.1,8,10
541.85,463.95,1,0,0.1,8,10
541.85,466.9,1,0,0.1,8,10
541.85,469.85,1,0,0.1,8,10
533,461,1,0,0.1,8,10
533,463.95,1,0,0.1,8,10
533,466.9,1,0,0.1,8,10
533,469.85,1,0,0.1,8,10
535.95,461,1,0,0.1,8,10
535.95,463.95,1,0,0.1,8,10
535.95,466.9,1,0,0.1,8,10
535.95,469.85,1,0,0.1,8,10
538.9,461,1,0,0.1,8,10
538.9,463.95,1,0,0.1,8,10
538.9,466.9,1,0,0.1,8,10
538.9,469.85,1,0,0.1,8,10
541.85,461,1,0,0.1,8,10
541.85,463.95,1,0,0.1,8,10
541.85,466.9,1,0,0.1,8,10
541.85,469.85,1,0,0.1,8,10
533,461,1,0,0.1,8,10
533,463.95,1,0,0.1,8,10
533,466.9,1,0,0.1,8,10
533,469.85,1,0,0.1,8,10
535.95,461,1,0,0.1,8,10
535.95,463.95,1,0,0.1,8,10
535.95,466.9,1,0,0.1,8,10
535.95,469.85,1,0,0.1,8,10
538.9,461,1,0,0.1,8,10
538.9,463.95,1,0,0.1,8,10
538.9,466.9,1,0,0.1,8,10
538.9,469.85,1,0,0.1,8,10
541.85,461,1,0,0.1,8,10
541.85,463.95,1,0,0.1,8,10
541.85,466.9,1,0,0.1,8,10
541.85,469.85,1,0,0.1,8,10
533,461,1,0,0.1,8,10
533,463.95,1,0,0.1,8,10
533,466.9,1,0,0.1,8,10
533,469.85,1,0,0.1,8,10
535.95,461,1,0,0.1,8,10
535.95,463.95,1,0,0.1,8,10
535.95,466.9,1,0,0.1,8,10
535.95,469.85,1,0,0.1,8,10
538.9,461,1,0,0.1,8,10
538.9,463.95,1,0,0.1,8,10
538.9,466.9,1,0,0.1,8,10
538.9,469.85,1,0,0.1,8,10
541.85,461,1,0,0.1,8,10
541.85,463.95,1,0,0.1,8,10
541.85,466.9,1,0,0.1,8,10
541.85,469.85,1,0,0.1,8,10
588,474,1,0,0.1,8,10
588,476.95,1,0,0.1,8,10
588,479.9,1,0,0.1,8,10
588,482.85,1,0,0.1,8,10
590.95,474,1,0,0.1,8,10
590.95,476.95,1,0,0.1,8,10
590.95,479.9,1,0,0.1,8,10
590.95,482.85,1,0,0.1,8,10
593.9,474,1,0,0.1,8,10
593.9,476.95,1,0,0.1,8,10
593.9,479.9,1,0,0.1,8,10
593.9,482.85,1,0,0.1,8,10
596.85,474,1,0,0.1,8,10
596.85,476.95,1,0,0.1,8,10
596.85,479.9,1,0,0.1,8,10
596.85,482.85,1,0,0.1,8,10
588,474,1,0,0.1,8,10
588,476.95,1,0,0.1,8,10
588,479.9,1,0,0.1,8,10
588,482.85,1,0,0.1,8,10
590.95,474,1,0,0.1,8,10
590.95,476.95,1,0,0.1,8,10
590.95,479.9,1,0,0.1,8,10
590.95,482.85,1,0,0.1,8,10
593.9,474,1,0,0.1,8,10
593.9,476.95,1,0,0.1,8,10
593.9,479.9,1,0,0.1,8,10
593.9,482.85,1,0,0.1,8,10
596.85,474,1,0,0.1,8,10
596.85,476.95,1,0,0.1,8,10
596.85,479.9,1,0,0.1,8,10
596.85,482.85,1,0,0.1,8,10
588,474,1,0,0.1,8,10
588,476.95,1,0,0.1,8,10
588,479.9,1,0,0.1,8,10
588,482.85,1,0,0.1,8,10
590.95,474,1,0,0.1,8,10
590.95,476.95,1,0,0.1,8,10
590.95,479.9,1,0,0.1,8,10
590.95,482.85,1,0,0.1,8,10
593.9,474,1,0,0.1,8,10
593.9,476.95,1,0,0.1,8,10
593.9,479.9,1,0,0.1,8,10
593.9,482.85,1,0,0.1,8,10
596.85,474,1,0,0.1,8,10
596.85,476.95,1,0,0.1,8,10
596.85,479.9,1,0,0.1,8,10
596.85,482.85,1,0,0.1,8,10
588,474,1,0,0.1,8,10
588,476.95,1,0,0.1,8,10
588,479.9,1,0,0.1,8,10
588,482.85,1,0,0.1,8,10
590.95,474,1,0,0.1,8,10
590.95,476.95,1,0,0.1,8,10
590.95,479.9,1,0,0.1,8,10
590.95,482.85,1,0,0.1,8,10
593.9,474,1,0,0.1,8,10
593.9,476.95,1,0,0.1,8,10
593.9,479.9,1,0,0.1,8,10
593.9,482.85,1,0,0.1,8,10
596.85,474,1,0,0.1,8,10
596.85,476.95,1,0,0.1,8,10
596.85,479.9,1,0,0.1,8,10
596.85,482.85,1,0,0.1,8,10
588,474,1,0,0.1,8,10
588,476.95,1,0,0.1,8,10
588,479.9,1,0,0.1,8,10
588,482.85,1,0,0.1,8,10
590.95,474,1,0,0.1,8,10
590.95,476.95,1,0,0.1,8,10
590.95,479.9,1,0,0.1,8,10
590.95,482.85,1,0,0.1,8,10
593.9,474,1,0,0.1,8,10
593.9,476.95,1,0,0.1,8,10
593.9,479.9,1,0,0.1,8,10
593.9,482.85,1,0,0.1,8,10
596.85,474,1,0,0.1,8,10
596.85,476.95,1,0,0.1,8,10
596.85,479.9,1,0,0.1,8,10
596.85,482.85,1,0,0.1,8,10
588,474,1,0,0.1,8,10
588,476.95,1,0,0.1,8,10
588,479.9,1,0,0.1,8,10
588,482.85,1,0,0.1,8,10
590.95,474,1,0,0.1,8,10
590.95,476.95,1,0,0.1,8,10
590.95,479.9,1,0,0.1,8,10
590.95,482.85,1,0,0.1,8,10
593.9,474,1,0,0.1,8,10
593.9,476.95,1,0,0.1,8,10
593.9,479.9,1,0,0.1,8,10
593.9,482.85,1,0,0.1,8,10
596.85,474,1,0,0.1,8,10
596.85,476.95,1,0,0.1,8,10
596.85,479.9,1,0,0.1,8,10
596.85,482.85,1,0,0.1,8,10
588,474,1,0,0.1,8,10
588,476.95,1,0,0.1,8,10
588,479.9,1,0,0.1,8,10
588,482.85,1,0,0.1,8,10
590.95,474,1,0,0.1,8,10
590.95,476.95,1,0,0.1,8,10
590.95,479.9,1,0,0.1,8,10
590.95,482.85,1,0,0.1,8,10
593.9,474,1,0,0.1,8,10
593.9,476.95,1,0,0.1,8,10
593.9,479.9,1,0,0.1,8,10
593.9,482.85,1,0,0.1,8,10
596.85,474,1,0,0.1,8,10
596.85,476.95,1,0,0.1,8,10
596.85,479.9,1,0,0.1,8,10
596.85,482.85,1,0,0.1,8,10
569,466,1,0,0.1,8,10
569,468.95,1,0,0.1,8,10
569,471.9,1,0,0.1,8,10
569,474.85,1,0,0.1,8,10
571.95,466,1,0,0.1,8,10
571.95,468.95,1,0,0.1,8,10
571.95,471.9,1,0,0.1,8,10
571.95,474.85,1,0,0.1,8,10
574.9,466,1,0,0.1,8,10
574.9,468.95,1,0,0.1,8,10
574.9,471.9,1,0,0.1,8,10
574.9,474.85,1,0,0.1,8,10
577.85,466,1,0,0.1,8,10
577.85,468.95,1,0,0.1,8,10
577.85,471.9,1,0,0.1,8,10
577.85,474.85,1,0,0.1,8,10
569,466,1,0,0.1,8,10
569,468.95,1,0,0.1,8,10
569,471.9,1,0,0.1,8,10
569,474.85,1,0,0.1,8,10
571.95,466,1,0,0.1,8,10
571.95,468.95,1,0,0.1,8,10
571.95,471.9,1,0,0.1,8,10
571.95,474.85,1,0,0.1,8,10
574.9,466,1,0,0.1,8,10
574.9,468.95,1,0,0.1,8,10
574.9,471.9,1,0,0.1,8,10
574.9,474.85,1,0,0.1,8,10
577.85,466,1,0,0.1,8,10
577.85,468.95,1,0,0.1,8,10
577.85,471.9,1,0,0.1,8,10
577.85,474.85,1,0,0.1,8,10
569,466,1,0,0.1,8,10
569,468.95,1,0,0.1,8,10
569,471.9,1,0,0.1,8,10
569,474.85,1,0,0.1,8,10
571.95,466,1,0,0.1,8,10
571.95,468.95,1,0,0.1,8,10
571.95,471.9,1,0,0.1,8,10
571.95,474.85,1,0,0.1,8,10
574.9,466,1,0,0.1,8,10
574.9,468.95,1,0,0.1,8,10
574.9,471.9,1,0,0.1,8,10
574.9,474.85,1,0,0.1,8,10
577.85,466,1,0,0.1,8,10
577.85,468.95,1,0,0.1,8,10
577.85,471.9,1,0,0.1,8,10
577.85,474.85,1,0,0.1,8,10
569,466,1,0,0.1,8,10
569,468.95,1,0,0.1,8,10
569,471.9,1,0,0.1,8,10
569,474.85,1,0,0.1,8,10
571.95,466,1,0,0.1,8,10
571.95,468.95,1,0,0.1,8,10
571.95,471.9,1,0,0.1,8,10
571.95,474.85,1,0,0.1,8,10
574.9,466,1,0,0.1,8,10
574.9,468.95,1,0,0.1,8,10
574.9,471.9,1,0,0.1,8,10
574.9,474.85,1,0,0.1,8,10
577.85,466,1,0,0.1,8,10
577.85,468.95,1,0,0.1,8,10
577.85,471.9,1,0,0.1,8,10
577.85,474.85,1,0,0.1,8,10
569,466,1,0,0.1,8,10
569,468.95,1,0,0.1,8,10
569,471.9,1,0,0.1,8,10
569,474.85,1,0,0.1,8,10
571.95,466,1,0,0.1,8,10
571.95,468.95,1,0,0.1,8,10
571.95,471.9,1,0,0.1,8,10
571.95,474.85,1,0,0.1,8,10
574.9,466,1,0,0.1,8,10
574.9,468.95,1,0,0.1,8,10
574.9,471.9,1,0,0.1,8,10
574.9,474.85,1,0,0.1,8,10
577.85,466,1,0,0.1,8,10
577.85,468.95,1,0,0.1,8,10
577.85,471.9,1,0,0.1,8,10
577.85,474.85,1,0,0.1,8,10
569,466,1,0,0.1,8,10
569,468.95,1,0,0.1,8,10
569,471.9,1,0,0.1,8,10
569,474.85,1,0,0.1,8,10
571.95,466,1,0,0.1,8,10
571.95,468.95,1,0,0.1,8,10
571.95,471.9,1,0,0.1,8,10
571.95,474.85,1,0,0.1,8,10
574.9,466,1,0,0.1,8,10
574.9,468.95,1,0,0.1,8,10
574.9,471.9,1,0,0.1,8,10
574.9,474.85,1,0,0.1,8,10
577.85,466,1,0,0.1,8,10
577.85,468.95,1,0,0.1,8,10
577.85,471.9,1,0,0.1,8,10
577.85,474.85,1,0,0.1,8,10
546,473,1,0,0.1,8,10
546,475.95,1,0,0.1,8,10
546,478.9,1,0,0.1,8,10
546,481.85,1,0,0.1,8,10
548.95,473,1,0,0.1,8,10
548.95,475.95,1,0,0.1,8,10
548.95,478.9,1,0,0.1,8,10
548.95,481.85,1,0,0.1,8,10
551.9,473,1,0,0.1,8,10
551.9,475.95,1,0,0.1,8,10
551.9,478.9,1,0,0.1,8,10
551.9,481.85,1,0,0.1,8,10
554.85,473,1,0,0.1,8,10
554.85,475.95,1,0,0.1,8,10
554.85,478.9,1,0,0.1,8,10
554.85,481.85,1,0,0.1,8,10
546,473,1,0,0.1,8,10
546,475.95,1,0,0.1,8,10
546,478.9,1,0,0.1,8,10
546,481.85,1,0,0.1,8,10
548.95,473,1,0,0.1,8,10
548.95,475.95,1,0,0.1,8,10
548.95,478.9,1,0,0.1,8,10
548.95,481.85,1,0,0.1,8,10
551.9,473,1,0,0.1,8,10
551.9,475.95,1,0,0.1,8,10
551.9,478.9,1,0,0.1,8,10
551.9,481.85,1,0,0.1,8,10
554.85,473,1,0,0.1,8,10
554.85,475.95,1,0,0.1,8,10
554.85,478.9,1,0,0.1,8,10
554.85,481.85,1,0,0.1,8,10
546,473,1,0,0.1,8,10
546,475.95,1,0,0.1,8,10
546,478.9,1,0,0.1,8,10
546,481.85,1,0,0.1,8,10
548.95,473,1,0,0.1,8,10
548.95,475.95,1,0,0.1,8,10
548.95,478.9,1,0,0.1,8,10
548.95,481.85,1,0,0.1,8,10
551.9,473,1,0,0.1,8,10
551.9,475.95,1,0,0.1,8,10
551.9,478.9,1,0,0.1,8,10
551.9,481.85,1,0,0.1,8,10
554.85,473,1,0,0.1,8,10
554.85,475.95,1,0,0.1,8,10
554.85,478.9,1,0,0.1,8,10
554.85,481.85,1,0,0.1,8,10
546,473,1,0,0.1,8,10
546,475.95,1,0,0.1,8,10
546,478.9,1,0,0.1,8,10
546,481.85,1,0,0.1,8,10
548.95,473,1,0,0.1,8,10
548.95,475.95,1,0,0.1,8,10
548.95,478.9,1,0,0.1,8,10
548.95,481.85,1,0,0.1,8,10
551.9,473,1,0,0.1,8,10
551.9,475.95,1,0,0.1,8,10
551.9,478.9,1,0,0.1,8,10
551.9,481.85,1,0,0.1,8,10
554.85,473,1,0,0.1,8,10
554.85,475.95,1,0,0.1,8,10
554.85,478.9,1,0,0.1,8,10
554.85,481.85,1,0,0.1,8,10
546,473,1,0,0.1,8,10
546,475.95,1,0,0.1,8,10
546,478.9,1,0,0.1,8,10
546,481.85,1,0,0.1,8,10
548.95,473,1,0,0.1,8,10
548.95,475.95,1,0,0.1,8,10
548.95,478.9,1,0,0.1,8,10
548.95,481.85,1,0,0.1,8,10
551.9,473,1,0,0.1,8,10
551.9,475.95,1,0,0.1,8,10
551.9,478.9,1,0,0.1,8,10
551.9,481.85,1,0,0.1,8,10
554.85,473,1,0,0.1,8,10
554.85,475.95,1,0,0.1,8,10
554.85,478.9,1,0,0.1,8,10
554.85,481.85,1,0,0.1,8,10
685,533,1,0,0.1,8,10
685,535.95,1,0,0.1,8,10
685,538.9,1,0,0.1,8,10
685,541.85,1,0,0.1,8,10
687.95,533,1,0,0.1,8,10
687.95,535.95,1,0,0.1,8,10
687.95,538.9,1,0,0.1,8,10
687.95,541.85,1,0,0.1,8,10
690.9,533,1,0,0.1,8,10
690.9,535.95,1,0,0.1,8,10
690.9,538.9,1,0,0.1,8,10
690.9,541.85,1,0,0.1,8,10
693.85,533,1,0,0.1,8,10
693.85,535.95,1,0,0.1,8,10
693.85,538.9,1,0,0.1,8,10
693.85,541.85,1,0,0.1,8,10
685,533,1,0,0.1,8,10
685,535.95,1,0,0.1,8,10
685,538.9,1,0,0.1,8,10
685,541.85,1,0,0.1,8,10
687.95,533,1,0,0.1,8,10
687.95,535.95,1,0,0.1,8,10
687.95,538.9,1,0,0.1,8,10
687.95,541.85,1,0,0.1,8,10
690.9,533,1,0,0.1,8,10
690.9,535.95,1,0,0.1,8,10
690.9,538.9,1,0,0.1,8,10
690.9,541.85,1,0,0.1,8,10
693.85,533,1,0,0.1,8,10
693.85,535.95,1,0,0.1,8,10
693.85,538.9,1,0,0.1,8,10
693.85,541.85,1,0,0.1,8,10
740,542,1,0,0.1,8,10
740,544.95,1,0,0.1,8,10
740,547.9,1,0,0.1,8,10
740,550.85,1,0,0.1,8,10
742.95,542,1,0,0.1,8,10
742.95,544.95,1,0,0.1,8,10
742.95,547.9,1,0,0.1,8,10
742.95,550.85,1,0,0.1,8,10
745.9,542,1,0,0.1,8,10
745.9,544.95,1,0,0.1,8,10
745.9,547.9,1,0,0.1,8,10
745.9,550.85,1,0,0.1,8,10
748.85,542,1,0,0.1,8,10
748.85,544.95,1,0,0.1,8,10
748.85,547.9,1,0,0.1,8,10
748.85,550.85,1,0,0.1,8,10
740,542,1,0,0.1,8,10
740,544.95,1,0,0.1,8,10
740,547.9,1,0,0.1,8,10
740,550.85,1,0,0.1,8,10
742.95,542,1,0,0.1,8,10
742.95,544.95,1,0,0.1,8,10
742.95,547.9,1,0,0.1,8,10
742.95,550.85,1,0,0.1,8,10
745.9,542,1,0,0.1,8,10
745.9,544.95,1,0,0.1,8,10
745.9,547.9,1,0,0.1,8,10
745.9,550.85,1,0,0.1,8,10
748.85,542,1,0,0.1,8,10
748.85,544.95,1,0,0.1,8,10
748.85,547.9,1,0,0.1,8,10
748.85,550.85,1,0,0.1,8,10
740,542,1,0,0.1,8,10
740,544.95,1,0,0.1,8,10
740,547.9,1,0,0.1,8,10
740,550.85,1,0,0.1,8,10
742.95,542,1,0,0.1,8,10
742.95,544.95,1,0,0.1,8,10
742.95,547.9,1,0,0.1,8,10
742.95,550.85,1,0,0.1,8,10
745.9,542,1,0,0.1,8,10
745.9,544.95,1,0,0.1,8,10
745.9,547.9,1,0,0.1,8,10
745.9,550.85,1,0,0.1,8,10
748.85,542,1,0,0.1,8,10
748.85,544.95,1,0,0.1,8,10
748.85,547.9,1,0,0.1,8,10
748.85,550.85,1,0,0.1,8,10
740,542,1,0,0.1,8,10
740,544.95,1,0,0.1,8,10
740,547.9,1,0,0.1,8,10
740,550.85,1,0,0.1,8,10
742.95,542,1,0,0.1,8,10
742.95,544.95,1,0,0.1,8,10
742.95,547.9,1,0,0.1,8,10
742.95,550.85,1,0,0.1,8,10
745.9,542,1,0,0.1,8,10
745.9,544.95,1,0,0.1,8,10
745.9,547.9,1,0,0.1,8,10
745.9,550.85,1,0,0.1,8,10
748.85,542,1,0,0.1,8,10
748.85,544.95,1,0,0.1,8,10
748.85,547.9,1,0,0.1,8,10
748.85,550.85,1,0,0.1,8,10
824,548,1,0,0.1,8,10
824,550.95,1,0,0.1,8,10
824,553.9,1,0,0.1,8,10
824,556.85,1,0,0.1,8,10
826.95,548,1,0,0.1,8,10
826.95,550.95,1,0,0.1,8,10
826.95,553.9,1,0,0.1,8,10
826.95,556.85,1,0,0.1,8,10
829.9,548,1,0,0.1,8,10
829.9,550.95,1,0,0.1,8,10
829.9,553.9,1,0,0.1,8,10
829.9,556.85,1,0,0.1,8,10
832.85,548,1,0,0.1,8,10
832.85,550.95,1,0,0.1,8,10
832.85,553.9,1,0,0.1,8,10
832.85,556.85,1,0,0.1,8,10
824,548,1,0,0.1,8,10
824,550.95,1,0,0.1,8,10
824,553.9,1,0,0.1,8,10
824,556.85,1,0,0.1,8,10
826.95,548,1,0,0.1,8,10
826.95,550.95,1,0,0.1,8,10
826.95,553.9,1,0,0.1,8,10
826.95,556.85,1,0,0.1,8,10
829.9,548,1,0,0.1,8,10
829.9,550.95,1,0,0.1,8,10
829.9,553.9,1,0,0.1,8,10
829.9,556.85,1,0,0.1,8,10
832.85,548,1,0,0.1,8,10
832.85,550.95,1,0,0.1,8,10
832.85,553.9,1,0,0.1,8,10
832.85,556.85,1,0,0.1,8,10
824,548,1,0,0.1,8,10
824,550.95,1,0,0.1,8,10
824,553.9,1,0,0.1,8,10
824,556.85,1,0,0.1,8,10
826.95,548,1,0,0.1,8,10
826.95,550.95,1,0,0.1,8,10
826.95,553.9,1,0,0.1,8,10
826.95,556.85,1,0,0.1,8,10
829.9,548,1,0,0.1,8,10
829.9,550.95,1,0,0.1,8,10
829.9,553.9,1,0,0.1,8,10
829.9,556.85,1,0,0.1,8,10
832.85,548,1,0,0.1,8,10
832.85,550.95,1,0,0.1,8,10
832.85,553.9,1,0,0.1,8,10
832.85,556.85,1,0,0.1,8,10
824,548,1,0,0.1,8,10
824,550.95,1,0,0.1,8,10
824,553.9,1,0,0.1,8,10
824,556.85,1,0,0.1,8,10
826.95,548,1,0,0.1,8,10
826.95,550.95,1,0,0.1,8,10
826.95,553.9,1,0,0.1,8,10
826.95,556.85,1,0,0.1,8,10
829.9,548,1,0,0.1,8,10
829.9,550.95,1,0,0.1,8,10
829.9,553.9,1,0,0.1,8,10
829.9,556.85,1,0,0.1,8,10
832.85,548,1,0,0.1,8,10
832.85,550.95,1,0,0.1,8,10
832.85,553.9,1,0,0.1,8,10
832.85,556.85,1,0,0.1,8,10
824,548,1,0,0.1,8,10
824,550.95,1,0,0.1,8,10
824,553.9,1,0,0.1,8,10
824,556.85,1,0,0.1,8,10
826.95,548,1,0,0.1,8,10
826.95,550.95,1,0,0.1,8,10
826.95,553.9,1,0,0.1,8,10
826.95,556.85,1,0,0.1,8,10
829.9,548,1,0,0.1,8,10
829.9,550.95,1,0,0.1,8,10
829.9,553.9,1,0,0.1,8,10
829.9,556.85,1,0,0.1,8,10
832.85,548,1,0,0.1,8,10
832.85,550.95,1,0,0.1,8,10
832.85,553.9,1,0,0.1,8,10
832.85,556.85,1,0,0.1,8,10
557,804,-1,0,0.1,2,10
557,805,-1,0,0.1,2,10
557,806,-1,0,0.1,2,10
556,806,-1,0,0.1,2,10
555,808,-1,0,0.1,2,10
555,809,-1,0,0.1,2,10
554,811,-1,0,0.1,2,10
553,812,-1,0,0.1,2,10
552,814,-1,0,0.1,2,10
551,815,-1,0,0.1,2,10
550,816,-1,0,0.1,2,10
550,817,-1,0,0.1,2,10
549,818,-1,0,0.1,2,10
548,819,-1,0,0.1,2,10
547,821,-1,0,0.1,2,10
545,823,-1,0,0.1,2,10
544,824,-1,0,0.1,2,10
542,826,-1,0,0.1,2,10
540,828,-1,0,0.1,2,10
538,830,-1,0,0.1,2,10
536,832,-1,0,0.1,2,10
534,833,-1,0,0.1,2,10
532,835,-1,0,0.1,2,10
531,836,-1,0,0.1,2,10
529,838,-1,0,0.1,2,10
526,840,-1,0,0.1,2,10
524,842,-1,0,0.1,2,10
521,845,-1,0,0.1,2,10
518,847,-1,0,0.1,2,10
515,849,-1,0,0.1,2,10
513,850,-1,0,0.1,2,10
512,852,-1,0,0.1,2,10
510,853,-1,0,0.1,2,10
508,855,-1,0,0.1,2,10
506,856,-1,0,0.1,2,10
503,858,-1,0,0.1,2,10
501,859,-1,0,0.1,2,10
499,860,-1,0,0.1,2,10
498,861,-1,0,0.1,2,10
496,863,-1,0,0.1,2,10
495,864,-1,0,0.1,2,10
493,865,-1,0,0.1,2,10
492,866,-1,0,0.1,2,10
490,867,-1,0,0.1,2,10
489,868,-1,0,0.1,2,10
488,869,-1,0,0.1,2,10
487,870,-1,0,0.1,2,10
486,871,-1,0,0.1,2,10
484,872,-1,0,0.1,2,10
483,873,-1,0,0.1,2,10
482,873,-1,0,0.1,2,10
482,874,-1,0,0.1,2,10
482,874,-1,0,0.1,2,10
482,874,-1,0,0.1,2,10
482,874,-1,0,0.1,2,10
481,874,-1,0,0.1,2,10
480,875,-1,0,0.1,2,10
480,876,-1,0,0.1,2,10
479,876,-1,0,0.1,2,10
479,877,-1,0,0.1,2,10
479,877,-1,0,0.1,2,10
479,877,-1,0,0.1,2,10
479,877,-1,0,0.1,2,10
479,877,-1,0,0.1,2,10
479,877,-1,0,0.1,2,10
478,878,-1,0,0.1,2,10
477,878,-1,0,0.1,2,10
477,879,-1,0,0.1,2,10
477,879,-1,0,0.1,2,10
477,879,-1,0,0.1,2,10
477,879,-1,0,0.1,2,10
477,879,-1,0,0.1,2,10
477,879,-1,0,0.1,2,10
477,879,-1,0,0.1,2,10
476,879,-1,0,0.1,2,10
476,880,-1,0,0.1,2,10
475,880,-1,0,0.1,2,10
473,881,-1,0,0.1,2,10
472,882,-1,0,0.1,2,10
471,882,-1,0,0.1,2,10
470,883,-1,0,0.1,2,10
469,883,-1,0,0.1,2,10
469,883,-1,0,0.1,2,10
469,883,-1,0,0.1,2,10
469,883,-1,0,0.1,2,10
469,883,-1,0,0.1,2,10
469,883,-1,0,0.1,2,10
469,883,-1,0,0.1,2,10
469,884,-1,0,0.1,2,10
469,884,-1,0,0.1,2,10
469,884,-1,0,0.1,2,10
469,884,-1,0,0.1,2,10
469,884,-1,0,0.1,2,10
468,884,-1,0,0.1,2,10
467,885,-1,0,0.1,2,10
466,885,-1,0,0.1,2,10
466,885,-1,0,0.1,2,10
466,885,-1,0,0.1,2,10
466,885,-1,0,0.1,2,10
466,885,-1,0,0.1,2,10
466,885,-1,0,0.1,2,10
466,885,-1,0,0.1,2,10
466,885,-1,0,0.1,2,10
466,885,-1,0,0.1,2,10
466,885,-1,0,0.1,2,10
