389,707,-1,0,0.1,2,10
389,707,-1,0,0.1,2,10
390,708,-1,0,0.1,2,10
390,710,-1,0,0.1,2,10
390,713,-1,0,0.1,2,10
390,716,-1,0,0.1,2,10
390,719,-1,0,0.1,2,10
390,722,-1,0,0.1,2,10
390,725,-1,0,0.1,2,10
390,728,-1,0,0.1,2,10
390,731,-1,0,0.1,2,10
390,734,-1,0,0.1,2,10
390,739,-1,0,0.1,2,10
390,743,-1,0,0.1,2,10
390,746,-1,0,0.1,2,10
389,749,-1,0,0.1,2,10
389,754,-1,0,0.1,2,10
389,757,-1,0,0.1,2,10
389,762,-1,0,0.1,2,10
389,767,-1,0,0.1,2,10
389,772,-1,0,0.1,2,10
390,776,-1,0,0.1,2,10
391,779,-1,0,0.1,2,10
391,781,-1,0,0.1,2,10
392,783,-1,0,0.1,2,10
395,786,-1,0,0.1,2,10
399,788,-1,0,0.1,2,10
405,792,-1,0,0.1,2,10
413,794,-1,0,0.1,2,10
423,796,-1,0,0.1,2,10
432,798,-1,0,0.1,2,10
439,799,-1,0,0.1,2,10
448,800,-1,0,0.1,2,10
457,800,-1,0,0.1,2,10
466,801,-1,0,0.1,2,10
476,802,-1,0,0.1,2,10
485,803,-1,0,0.1,2,10
494,804,-1,0,0.1,2,10
501,805,-1,0,0.1,2,10
507,806,-1,0,0.1,2,10
512,806,-1,0,0.1,2,10
518,806,-1,0,0.1,2,10
523,806,-1,0,0.1,2,10
530,807,-1,0,0.1,2,10
537,807,-1,0,0.1,2,10
542,807,-1,0,0.1,2,10
547,807,-1,0,0.1,2,10
552,807,-1,0,0.1,2,10
559,807,-1,0,0.1,2,10
566,807,-1,0,0.1,2,10
575,807,-1,0,0.1,2,10
583,808,-1,0,0.1,2,10
592,808,-1,0,0.1,2,10
600,809,-1,0,0.1,2,10
609,809,-1,0,0.1,2,10
615,809,-1,0,0.1,2,10
620,810,-1,0,0.1,2,10
623,810,-1,0,0.1,2,10
625,810,-1,0,0.1,2,10
629,810,-1,0,0.1,2,10
634,811,-1,0,0.1,2,10
641,811,-1,0,0.1,2,10
647,811,-1,0,0.1,2,10
655,812,-1,0,0.1,2,10
661,812,-1,0,0.1,2,10
668,812,-1,0,0.1,2,10
676,812,-1,0,0.1,2,10
685,813,-1,0,0.1,2,10
693,813,-1,0,0.1,2,10
699,813,-1,0,0.1,2,10
705,813,-1,0,0.1,2,10
713,814,-1,0,0.1,2,10
723,814,-1,0,0.1,2,10
731,815,-1,0,0.1,2,10
738,815,-1,0,0.1,2,10
743,815,-1,0,0.1,2,10
746,815,-1,0,0.1,2,10
750,815,-1,0,0.1,2,10
754,815,-1,0,0.1,2,10
760,815,-1,0,0.1,2,10
767,816,-1,0,0.1,2,10
774,816,-1,0,0.1,2,10
780,816,-1,0,0.1,2,10
785,816,-1,0,0.1,2,10
790,816,-1,0,0.1,2,10
794,816,-1,0,0.1,2,10
798,817,-1,0,0.1,2,10
803,817,-1,0,0.1,2,10
809,817,-1,0,0.1,2,10
812,817,-1,0,0.1,2,10
814,817,-1,0,0.1,2,10
815,817,-1,0,0.1,2,10
815,817,-1,0,0.1,2,10
816,816,-1,0,0.1,2,10
817,815,-1,0,0.1,2,10
819,814,-1,0,0.1,2,10
820,811,-1,0,0.1,2,10
822,808,-1,0,0.1,2,10
824,804,-1,0,0.1,2,10
826,800,-1,0,0.1,2,10
828,795,-1,0,0.1,2,10
830,790,-1,0,0.1,2,10
831,785,-1,0,0.1,2,10
833,780,-1,0,0.1,2,10
834,776,-1,0,0.1,2,10
834,771,-1,0,0.1,2,10
835,767,-1,0,0.1,2,10
835,763,-1,0,0.1,2,10
836,759,-1,0,0.1,2,10
837,755,-1,0,0.1,2,10
837,751,-1,0,0.1,2,10
837,747,-1,0,0.1,2,10
838,743,-1,0,0.1,2,10
838,740,-1,0,0.1,2,10
838,738,-1,0,0.1,2,10
838,736,-1,0,0.1,2,10
839,734,-1,0,0.1,2,10
839,732,-1,0,0.1,2,10
839,729,-1,0,0.1,2,10
839,727,-1,0,0.1,2,10
840,724,-1,0,0.1,2,10
840,721,-1,0,0.1,2,10
841,719,-1,0,0.1,2,10
841,717,-1,0,0.1,2,10
841,715,-1,0,0.1,2,10
842,713,-1,0,0.1,2,10
842,713,-1,0,0.1,2,10
842,712,-1,0,0.1,2,10
842,711,-1,0,0.1,2,10
842,711,-1,0,0.1,2,10
842,710,-1,0,0.1,2,10
842,709,-1,0,0.1,2,10
842,708,-1,0,0.1,2,10
842,708,-1,0,0.1,2,10
843,708,-1,0,0.1,2,10
465,658,-1,0,0.1,2,10
466,657,-1,0,0.1,2,10
466,657,-1,0,0.1,2,10
466,657,-1,0,0.1,2,10
466,657,-1,0,0.1,2,10
466,657,-1,0,0.1,2,10
466,657,-1,0,0.1,2,10
466,657,-1,0,0.1,2,10
466,657,-1,0,0.1,2,10
466,657,-1,0,0.1,2,10
466,656,-1,0,0.1,2,10
467,654,-1,0,0.1,2,10
467,652,-1,0,0.1,2,10
468,649,-1,0,0.1,2,10
468,647,-1,0,0.1,2,10
468,644,-1,0,0.1,2,10
468,641,-1,0,0.1,2,10
469,638,-1,0,0.1,2,10
469,635,-1,0,0.1,2,10
470,632,-1,0,0.1,2,10
470,630,-1,0,0.1,2,10
471,627,-1,0,0.1,2,10
471,624,-1,0,0.1,2,10
472,621,-1,0,0.1,2,10
472,618,-1,0,0.1,2,10
473,615,-1,0,0.1,2,10
473,612,-1,0,0.1,2,10
473,610,-1,0,0.1,2,10
474,607,-1,0,0.1,2,10
474,604,-1,0,0.1,2,10
474,601,-1,0,0.1,2,10
475,598,-1,0,0.1,2,10
475,595,-1,0,0.1,2,10
475,591,-1,0,0.1,2,10
475,588,-1,0,0.1,2,10
475,584,-1,0,0.1,2,10
475,580,-1,0,0.1,2,10
475,576,-1,0,0.1,2,10
475,574,-1,0,0.1,2,10
475,570,-1,0,0.1,2,10
475,566,-1,0,0.1,2,10
475,563,-1,0,0.1,2,10
475,560,-1,0,0.1,2,10
474,557,-1,0,0.1,2,10
474,554,-1,0,0.1,2,10
473,552,-1,0,0.1,2,10
473,549,-1,0,0.1,2,10
472,546,-1,0,0.1,2,10
472,544,-1,0,0.1,2,10
471,541,-1,0,0.1,2,10
470,538,-1,0,0.1,2,10
469,535,-1,0,0.1,2,10
468,533,-1,0,0.1,2,10
467,530,-1,0,0.1,2,10
465,528,-1,0,0.1,2,10
464,526,-1,0,0.1,2,10
463,524,-1,0,0.1,2,10
461,522,-1,0,0.1,2,10
460,520,-1,0,0.1,2,10
459,519,-1,0,0.1,2,10
458,517,-1,0,0.1,2,10
456,514,-1,0,0.1,2,10
454,512,-1,0,0.1,2,10
452,510,-1,0,0.1,2,10
451,508,-1,0,0.1,2,10
450,506,-1,0,0.1,2,10
448,505,-1,0,0.1,2,10
446,503,-1,0,0.1,2,10
444,500,-1,0,0.1,2,10
442,498,-1,0,0.1,2,10
439,496,-1,0,0.1,2,10
437,493,-1,0,0.1,2,10
435,491,-1,0,0.1,2,10
432,489,-1,0,0.1,2,10
429,486,-1,0,0.1,2,10
427,483,-1,0,0.1,2,10
424,481,-1,0,0.1,2,10
422,479,-1,0,0.1,2,10
420,477,-1,0,0.1,2,10
418,476,-1,0,0.1,2,10
417,474,-1,0,0.1,2,10
415,473,-1,0,0.1,2,10
413,471,-1,0,0.1,2,10
411,470,-1,0,0.1,2,10
409,469,-1,0,0.1,2,10
408,468,-1,0,0.1,2,10
406,467,-1,0,0.1,2,10
404,466,-1,0,0.1,2,10
402,464,-1,0,0.1,2,10
400,463,-1,0,0.1,2,10
397,462,-1,0,0.1,2,10
395,461,-1,0,0.1,2,10
393,460,-1,0,0.1,2,10
390,459,-1,0,0.1,2,10
387,457,-1,0,0.1,2,10
384,456,-1,0,0.1,2,10
381,454,-1,0,0.1,2,10
378,453,-1,0,0.1,2,10
375,452,-1,0,0.1,2,10
372,450,-1,0,0.1,2,10
369,449,-1,0,0.1,2,10
367,448,-1,0,0.1,2,10
364,447,-1,0,0.1,2,10
362,446,-1,0,0.1,2,10
360,444,-1,0,0.1,2,10
357,443,-1,0,0.1,2,10
354,442,-1,0,0.1,2,10
352,440,-1,0,0.1,2,10
350,439,-1,0,0.1,2,10
347,438,-1,0,0.1,2,10
344,436,-1,0,0.1,2,10
342,435,-1,0,0.1,2,10
339,434,-1,0,0.1,2,10
337,433,-1,0,0.1,2,10
335,432,-1,0,0.1,2,10
332,431,-1,0,0.1,2,10
329,430,-1,0,0.1,2,10
326,429,-1,0,0.1,2,10
323,428,-1,0,0.1,2,10
320,427,-1,0,0.1,2,10
317,427,-1,0,0.1,2,10
314,426,-1,0,0.1,2,10
311,425,-1,0,0.1,2,10
307,425,-1,0,0.1,2,10
304,424,-1,0,0.1,2,10
300,423,-1,0,0.1,2,10
296,422,-1,0,0.1,2,10
292,422,-1,0,0.1,2,10
287,421,-1,0,0.1,2,10
283,420,-1,0,0.1,2,10
278,420,-1,0,0.1,2,10
275,419,-1,0,0.1,2,10
271,419,-1,0,0.1,2,10
268,419,-1,0,0.1,2,10
265,419,-1,0,0.1,2,10
262,418,-1,0,0.1,2,10
259,418,-1,0,0.1,2,10
257,418,-1,0,0.1,2,10
253,417,-1,0,0.1,2,10
248,417,-1,0,0.1,2,10
244,417,-1,0,0.1,2,10
241,416,-1,0,0.1,2,10
237,416,-1,0,0.1,2,10
233,415,-1,0,0.1,2,10
227,415,-1,0,0.1,2,10
224,414,-1,0,0.1,2,10
221,414,-1,0,0.1,2,10
219,414,-1,0,0.1,2,10
215,413,-1,0,0.1,2,10
211,413,-1,0,0.1,2,10
207,412,-1,0,0.1,2,10
204,412,-1,0,0.1,2,10
201,411,-1,0,0.1,2,10
198,410,-1,0,0.1,2,10
195,410,-1,0,0.1,2,10
191,408,-1,0,0.1,2,10
188,408,-1,0,0.1,2,10
185,407,-1,0,0.1,2,10
182,405,-1,0,0.1,2,10
178,404,-1,0,0.1,2,10
175,403,-1,0,0.1,2,10
173,401,-1,0,0.1,2,10
169,399,-1,0,0.1,2,10
167,398,-1,0,0.1,2,10
164,395,-1,0,0.1,2,10
160,393,-1,0,0.1,2,10
157,390,-1,0,0.1,2,10
154,386,-1,0,0.1,2,10
149,382,-1,0,0.1,2,10
147,379,-1,0,0.1,2,10
144,376,-1,0,0.1,2,10
142,374,-1,0,0.1,2,10
140,371,-1,0,0.1,2,10
138,369,-1,0,0.1,2,10
137,367,-1,0,0.1,2,10
136,364,-1,0,0.1,2,10
134,362,-1,0,0.1,2,10
133,359,-1,0,0.1,2,10
132,356,-1,0,0.1,2,10
131,353,-1,0,0.1,2,10
130,351,-1,0,0.1,2,10
129,349,-1,0,0.1,2,10
128,347,-1,0,0.1,2,10
128,346,-1,0,0.1,2,10
128,344,-1,0,0.1,2,10
127,343,-1,0,0.1,2,10
127,340,-1,0,0.1,2,10
126,339,-1,0,0.1,2,10
126,337,-1,0,0.1,2,10
125,335,-1,0,0.1,2,10
125,333,-1,0,0.1,2,10
125,331,-1,0,0.1,2,10
125,330,-1,0,0.1,2,10
125,330,-1,0,0.1,2,10
125,329,-1,0,0.1,2,10
124,327,-1,0,0.1,2,10
124,327,-1,0,0.1,2,10
124,326,-1,0,0.1,2,10
124,325,-1,0,0.1,2,10
124,324,-1,0,0.1,2,10
124,323,-1,0,0.1,2,10
124,322,-1,0,0.1,2,10
124,321,-1,0,0.1,2,10
124,320,-1,0,0.1,2,10
124,319,-1,0,0.1,2,10
124,317,-1,0,0.1,2,10
124,316,-1,0,0.1,2,10
124,316,-1,0,0.1,2,10
124,315,-1,0,0.1,2,10
124,315,-1,0,0.1,2,10
124,315,-1,0,0.1,2,10
124,315,-1,0,0.1,2,10
124,315,-1,0,0.1,2,10
365,376,-1,0,0.1,2,10
365,376,-1,0,0.1,2,10
365,376,-1,0,0.1,2,10
365,376,-1,0,0.1,2,10
366,376,-1,0,0.1,2,10
369,376,-1,0,0.1,2,10
373,375,-1,0,0.1,2,10
377,375,-1,0,0.1,2,10
383,374,-1,0,0.1,2,10
389,374,-1,0,0.1,2,10
395,373,-1,0,0.1,2,10
401,372,-1,0,0.1,2,10
404,371,-1,0,0.1,2,10
407,370,-1,0,0.1,2,10
410,369,-1,0,0.1,2,10
414,368,-1,0,0.1,2,10
419,366,-1,0,0.1,2,10
423,364,-1,0,0.1,2,10
428,363,-1,0,0.1,2,10
432,361,-1,0,0.1,2,10
436,359,-1,0,0.1,2,10
440,356,-1,0,0.1,2,10
444,353,-1,0,0.1,2,10
448,349,-1,0,0.1,2,10
452,347,-1,0,0.1,2,10
455,345,-1,0,0.1,2,10
457,343,-1,0,0.1,2,10
459,340,-1,0,0.1,2,10
462,338,-1,0,0.1,2,10
464,336,-1,0,0.1,2,10
466,334,-1,0,0.1,2,10
468,331,-1,0,0.1,2,10
470,329,-1,0,0.1,2,10
471,327,-1,0,0.1,2,10
472,326,-1,0,0.1,2,10
474,324,-1,0,0.1,2,10
475,323,-1,0,0.1,2,10
475,322,-1,0,0.1,2,10
476,322,-1,0,0.1,2,10
477,321,-1,0,0.1,2,10
478,321,-1,0,0.1,2,10
478,320,-1,0,0.1,2,10
478,320,-1,0,0.1,2,10
478,320,-1,0,0.1,2,10
676,325,-1,0,0.1,2,10
676,325,-1,0,0.1,2,10
676,328,-1,0,0.1,2,10
676,330,-1,0,0.1,2,10
676,333,-1,0,0.1,2,10
676,336,-1,0,0.1,2,10
676,339,-1,0,0.1,2,10
677,342,-1,0,0.1,2,10
678,345,-1,0,0.1,2,10
679,348,-1,0,0.1,2,10
680,351,-1,0,0.1,2,10
681,354,-1,0,0.1,2,10
682,356,-1,0,0.1,2,10
684,359,-1,0,0.1,2,10
685,361,-1,0,0.1,2,10
686,363,-1,0,0.1,2,10
687,364,-1,0,0.1,2,10
688,366,-1,0,0.1,2,10
690,368,-1,0,0.1,2,10
692,369,-1,0,0.1,2,10
693,371,-1,0,0.1,2,10
694,372,-1,0,0.1,2,10
696,373,-1,0,0.1,2,10
699,376,-1,0,0.1,2,10
702,378,-1,0,0.1,2,10
705,380,-1,0,0.1,2,10
706,381,-1,0,0.1,2,10
708,382,-1,0,0.1,2,10
711,384,-1,0,0.1,2,10
713,385,-1,0,0.1,2,10
715,387,-1,0,0.1,2,10
716,388,-1,0,0.1,2,10
718,389,-1,0,0.1,2,10
721,390,-1,0,0.1,2,10
722,391,-1,0,0.1,2,10
722,391,-1,0,0.1,2,10
723,392,-1,0,0.1,2,10
724,392,-1,0,0.1,2,10
725,393,-1,0,0.1,2,10
726,393,-1,0,0.1,2,10
727,394,-1,0,0.1,2,10
728,395,-1,0,0.1,2,10
728,395,-1,0,0.1,2,10
729,395,-1,0,0.1,2,10
730,396,-1,0,0.1,2,10
732,397,-1,0,0.1,2,10
734,398,-1,0,0.1,2,10
736,399,-1,0,0.1,2,10
736,399,-1,0,0.1,2,10
736,399,-1,0,0.1,2,10
736,399,-1,0,0.1,2,10
997,331,-1,0,0.1,2,10
997,331,-1,0,0.1,2,10
997,331,-1,0,0.1,2,10
997,331,-1,0,0.1,2,10
997,331,-1,0,0.1,2,10
998,333,-1,0,0.1,2,10
999,336,-1,0,0.1,2,10
999,340,-1,0,0.1,2,10
1000,343,-1,0,0.1,2,10
1000,346,-1,0,0.1,2,10
1000,349,-1,0,0.1,2,10
1000,352,-1,0,0.1,2,10
1000,355,-1,0,0.1,2,10
1000,358,-1,0,0.1,2,10
1000,361,-1,0,0.1,2,10
1000,363,-1,0,0.1,2,10
1000,366,-1,0,0.1,2,10
999,370,-1,0,0.1,2,10
998,374,-1,0,0.1,2,10
998,377,-1,0,0.1,2,10
997,380,-1,0,0.1,2,10
996,383,-1,0,0.1,2,10
995,385,-1,0,0.1,2,10
994,388,-1,0,0.1,2,10
993,390,-1,0,0.1,2,10
992,393,-1,0,0.1,2,10
991,396,-1,0,0.1,2,10
989,399,-1,0,0.1,2,10
989,400,-1,0,0.1,2,10
988,402,-1,0,0.1,2,10
986,404,-1,0,0.1,2,10
984,407,-1,0,0.1,2,10
981,410,-1,0,0.1,2,10
979,413,-1,0,0.1,2,10
977,415,-1,0,0.1,2,10
975,417,-1,0,0.1,2,10
973,419,-1,0,0.1,2,10
971,421,-1,0,0.1,2,10
968,423,-1,0,0.1,2,10
966,425,-1,0,0.1,2,10
964,428,-1,0,0.1,2,10
962,430,-1,0,0.1,2,10
959,433,-1,0,0.1,2,10
956,435,-1,0,0.1,2,10
954,437,-1,0,0.1,2,10
952,438,-1,0,0.1,2,10
949,440,-1,0,0.1,2,10
946,442,-1,0,0.1,2,10
942,444,-1,0,0.1,2,10
939,446,-1,0,0.1,2,10
936,447,-1,0,0.1,2,10
933,448,-1,0,0.1,2,10
931,449,-1,0,0.1,2,10
928,450,-1,0,0.1,2,10
925,450,-1,0,0.1,2,10
922,450,-1,0,0.1,2,10
917,450,-1,0,0.1,2,10
913,451,-1,0,0.1,2,10
908,451,-1,0,0.1,2,10
901,451,-1,0,0.1,2,10
895,451,-1,0,0.1,2,10
888,450,-1,0,0.1,2,10
883,450,-1,0,0.1,2,10
879,450,-1,0,0.1,2,10
875,450,-1,0,0.1,2,10
872,450,-1,0,0.1,2,10
869,450,-1,0,0.1,2,10
865,450,-1,0,0.1,2,10
861,450,-1,0,0.1,2,10
858,450,-1,0,0.1,2,10
855,450,-1,0,0.1,2,10
852,451,-1,0,0.1,2,10
848,451,-1,0,0.1,2,10
842,451,-1,0,0.1,2,10
836,452,-1,0,0.1,2,10
831,452,-1,0,0.1,2,10
826,453,-1,0,0.1,2,10
823,453,-1,0,0.1,2,10
819,453,-1,0,0.1,2,10
814,454,-1,0,0.1,2,10
809,455,-1,0,0.1,2,10
803,455,-1,0,0.1,2,10
798,456,-1,0,0.1,2,10
795,457,-1,0,0.1,2,10
792,457,-1,0,0.1,2,10
788,458,-1,0,0.1,2,10
784,458,-1,0,0.1,2,10
780,459,-1,0,0.1,2,10
776,460,-1,0,0.1,2,10
773,460,-1,0,0.1,2,10
769,461,-1,0,0.1,2,10
767,462,-1,0,0.1,2,10
766,462,-1,0,0.1,2,10
764,463,-1,0,0.1,2,10
761,464,-1,0,0.1,2,10
758,465,-1,0,0.1,2,10
755,466,-1,0,0.1,2,10
751,468,-1,0,0.1,2,10
748,469,-1,0,0.1,2,10
746,470,-1,0,0.1,2,10
745,470,-1,0,0.1,2,10
743,471,-1,0,0.1,2,10
741,472,-1,0,0.1,2,10
739,473,-1,0,0.1,2,10
737,475,-1,0,0.1,2,10
735,476,-1,0,0.1,2,10
733,478,-1,0,0.1,2,10
731,479,-1,0,0.1,2,10
729,481,-1,0,0.1,2,10
727,484,-1,0,0.1,2,10
725,486,-1,0,0.1,2,10
723,489,-1,0,0.1,2,10
720,492,-1,0,0.1,2,10
718,496,-1,0,0.1,2,10
715,499,-1,0,0.1,2,10
713,503,-1,0,0.1,2,10
711,506,-1,0,0.1,2,10
709,510,-1,0,0.1,2,10
707,513,-1,0,0.1,2,10
706,518,-1,0,0.1,2,10
704,522,-1,0,0.1,2,10
702,526,-1,0,0.1,2,10
701,530,-1,0,0.1,2,10
700,534,-1,0,0.1,2,10
699,540,-1,0,0.1,2,10
698,545,-1,0,0.1,2,10
698,551,-1,0,0.1,2,10
698,557,-1,0,0.1,2,10
698,563,-1,0,0.1,2,10
697,569,-1,0,0.1,2,10
697,575,-1,0,0.1,2,10
697,579,-1,0,0.1,2,10
697,584,-1,0,0.1,2,10
696,588,-1,0,0.1,2,10
696,592,-1,0,0.1,2,10
696,597,-1,0,0.1,2,10
695,602,-1,0,0.1,2,10
695,607,-1,0,0.1,2,10
694,613,-1,0,0.1,2,10
694,618,-1,0,0.1,2,10
693,623,-1,0,0.1,2,10
693,627,-1,0,0.1,2,10
692,632,-1,0,0.1,2,10
692,635,-1,0,0.1,2,10
692,638,-1,0,0.1,2,10
692,640,-1,0,0.1,2,10
691,643,-1,0,0.1,2,10
691,645,-1,0,0.1,2,10
691,647,-1,0,0.1,2,10
691,648,-1,0,0.1,2,10
690,651,-1,0,0.1,2,10
690,653,-1,0,0.1,2,10
690,655,-1,0,0.1,2,10
689,656,-1,0,0.1,2,10
689,657,-1,0,0.1,2,10
689,658,-1,0,0.1,2,10
689,659,-1,0,0.1,2,10
689,660,-1,0,0.1,2,10
688,661,-1,0,0.1,2,10
688,662,-1,0,0.1,2,10
688,663,-1,0,0.1,2,10
688,664,-1,0,0.1,2,10
688,665,-1,0,0.1,2,10
688,666,-1,0,0.1,2,10
688,666,-1,0,0.1,2,10
687,667,-1,0,0.1,2,10
687,668,-1,0,0.1,2,10
687,669,-1,0,0.1,2,10
687,670,-1,0,0.1,2,10
687,670,-1,0,0.1,2,10
687,670,-1,0,0.1,2,10
687,670,-1,0,0.1,2,10
687,670,-1,0,0.1,2,10
687,670,-1,0,0.1,2,10
670,320,-1,0,0.1,2,10
670,320,-1,0,0.1,2,10
670,320,-1,0,0.1,2,10
670,320,-1,0,0.1,2,10
670,320,-1,0,0.1,2,10
670,320,-1,0,0.1,2,10
670,320,-1,0,0.1,2,10
670,319,-1,0,0.1,2,10
670,318,-1,0,0.1,2,10
670,317,-1,0,0.1,2,10
669,314,-1,0,0.1,2,10
668,312,-1,0,0.1,2,10
667,310,-1,0,0.1,2,10
665,308,-1,0,0.1,2,10
664,306,-1,0,0.1,2,10
663,305,-1,0,0.1,2,10
662,303,-1,0,0.1,2,10
660,302,-1,0,0.1,2,10
658,300,-1,0,0.1,2,10
656,299,-1,0,0.1,2,10
654,297,-1,0,0.1,2,10
651,295,-1,0,0.1,2,10
648,293,-1,0,0.1,2,10
644,291,-1,0,0.1,2,10
641,290,-1,0,0.1,2,10
637,288,-1,0,0.1,2,10
635,287,-1,0,0.1,2,10
632,286,-1,0,0.1,2,10
629,285,-1,0,0.1,2,10
628,285,-1,0,0.1,2,10
625,284,-1,0,0.1,2,10
623,283,-1,0,0.1,2,10
621,283,-1,0,0.1,2,10
618,282,-1,0,0.1,2,10
615,282,-1,0,0.1,2,10
613,281,-1,0,0.1,2,10
610,281,-1,0,0.1,2,10
609,280,-1,0,0.1,2,10
609,280,-1,0,0.1,2,10
609,280,-1,0,0.1,2,10
609,280,-1,0,0.1,2,10
609,280,-1,0,0.1,2,10
609,280,-1,0,0.1,2,10
609,280,-1,0,0.1,2,10
609,280,-1,0,0.1,2,10
609,280,-1,0,0.1,2,10
609,280,-1,0,0.1,2,10
127,312,-1,0,0.1,2,10
127,312,-1,0,0.1,2,10
127,311,-1,0,0.1,2,10
358,287,-1,0,0.1,2,10
358,287,-1,0,0.1,2,10
359,287,-1,0,0.1,2,10
360,287,-1,0,0.1,2,10
361,287,-1,0,0.1,2,10
362,287,-1,0,0.1,2,10
364,288,-1,0,0.1,2,10
365,288,-1,0,0.1,2,10
367,289,-1,0,0.1,2,10
369,289,-1,0,0.1,2,10
373,290,-1,0,0.1,2,10
376,291,-1,0,0.1,2,10
380,292,-1,0,0.1,2,10
383,293,-1,0,0.1,2,10
387,294,-1,0,0.1,2,10
390,295,-1,0,0.1,2,10
392,295,-1,0,0.1,2,10
395,296,-1,0,0.1,2,10
398,297,-1,0,0.1,2,10
402,298,-1,0,0.1,2,10
406,299,-1,0,0.1,2,10
411,300,-1,0,0.1,2,10
416,301,-1,0,0.1,2,10
421,302,-1,0,0.1,2,10
425,303,-1,0,0.1,2,10
429,303,-1,0,0.1,2,10
434,304,-1,0,0.1,2,10
437,305,-1,0,0.1,2,10
440,305,-1,0,0.1,2,10
442,306,-1,0,0.1,2,10
444,307,-1,0,0.1,2,10
446,307,-1,0,0.1,2,10
448,308,-1,0,0.1,2,10
450,308,-1,0,0.1,2,10
453,309,-1,0,0.1,2,10
455,310,-1,0,0.1,2,10
457,311,-1,0,0.1,2,10
458,311,-1,0,0.1,2,10
458,311,-1,0,0.1,2,10
459,312,-1,0,0.1,2,10
459,312,-1,0,0.1,2,10
460,312,-1,0,0.1,2,10
460,312,-1,0,0.1,2,10
460,313,-1,0,0.1,2,10
460,313,-1,0,0.1,2,10
461,314,-1,0,0.1,2,10
462,315,-1,0,0.1,2,10
462,315,-1,0,0.1,2,10
463,316,-1,0,0.1,2,10
464,317,-1,0,0.1,2,10
464,318,-1,0,0.1,2,10
464,318,-1,0,0.1,2,10
464,318,-1,0,0.1,2,10
464,318,-1,0,0.1,2,10
465,319,-1,0,0.1,2,10
465,320,-1,0,0.1,2,10
465,321,-1,0,0.1,2,10
466,323,-1,0,0.1,2,10
466,324,-1,0,0.1,2,10
466,325,-1,0,0.1,2,10
466,325,-1,0,0.1,2,10
466,325,-1,0,0.1,2,10
466,325,-1,0,0.1,2,10
466,325,-1,0,0.1,2,10
466,325,-1,0,0.1,2,10
466,325,-1,0,0.1,2,10
466,325,-1,0,0.1,2,10
372.5,324.5,-1,0,1,1,10
372.5,331.45,-1,0,1,1,10
372.5,338.4,-1,0,1,1,10
379.45,324.5,-1,0,1,1,10
379.45,331.45,-1,0,1,1,10
379.45,338.4,-1,0,1,1,10
386.4,324.5,-1,0,1,1,10
386.4,331.45,-1,0,1,1,10
386.4,338.4,-1,0,1,1,10
372.5,324.5,-1,0,1,1,10
372.5,331.45,-1,0,1,1,10
372.5,338.4,-1,0,1,1,10
379.45,324.5,-1,0,1,1,10
379.45,331.45,-1,0,1,1,10
379.45,338.4,-1,0,1,1,10
386.4,324.5,-1,0,1,1,10
386.4,331.45,-1,0,1,1,10
386.4,338.4,-1,0,1,1,10
372.5,324.5,-1,0,1,1,10
372.5,331.45,-1,0,1,1,10
372.5,338.4,-1,0,1,1,10
379.45,324.5,-1,0,1,1,10
379.45,331.45,-1,0,1,1,10
379.45,338.4,-1,0,1,1,10
386.4,324.5,-1,0,1,1,10
386.4,331.45,-1,0,1,1,10
386.4,338.4,-1,0,1,1,10
372.5,324.5,-1,0,1,1,10
372.5,331.45,-1,0,1,1,10
372.5,338.4,-1,0,1,1,10
379.45,324.5,-1,0,1,1,10
379.45,331.45,-1,0,1,1,10
379.45,338.4,-1,0,1,1,10
386.4,324.5,-1,0,1,1,10
386.4,331.45,-1,0,1,1,10
386.4,338.4,-1,0,1,1,10
372.5,324.5,-1,0,1,1,10
372.5,331.45,-1,0,1,1,10
372.5,338.4,-1,0,1,1,10
379.45,324.5,-1,0,1,1,10
379.45,331.45,-1,0,1,1,10
379.45,338.4,-1,0,1,1,10
386.4,324.5,-1,0,1,1,10
386.4,331.45,-1,0,1,1,10
386.4,338.4,-1,0,1,1,10
399.5,327.5,-1,0,1,1,10
399.5,334.45,-1,0,1,1,10
399.5,341.4,-1,0,1,1,10
406.45,327.5,-1,0,1,1,10
406.45,334.45,-1,0,1,1,10
406.45,341.4,-1,0,1,1,10
413.4,327.5,-1,0,1,1,10
413.4,334.45,-1,0,1,1,10
413.4,341.4,-1,0,1,1,10
399.5,327.5,-1,0,1,1,10
399.5,334.45,-1,0,1,1,10
399.5,341.4,-1,0,1,1,10
406.45,327.5,-1,0,1,1,10
406.45,334.45,-1,0,1,1,10
406.45,341.4,-1,0,1,1,10
413.4,327.5,-1,0,1,1,10
413.4,334.45,-1,0,1,1,10
413.4,341.4,-1,0,1,1,10
399.5,327.5,-1,0,1,1,10
399.5,334.45,-1,0,1,1,10
399.5,341.4,-1,0,1,1,10
406.45,327.5,-1,0,1,1,10
406.45,334.45,-1,0,1,1,10
406.45,341.4,-1,0,1,1,10
413.4,327.5,-1,0,1,1,10
413.4,334.45,-1,0,1,1,10
413.4,341.4,-1,0,1,1,10
399.5,327.5,-1,0,1,1,10
399.5,334.45,-1,0,1,1,10
399.5,341.4,-1,0,1,1,10
406.45,327.5,-1,0,1,1,10
406.45,334.45,-1,0,1,1,10
406.45,341.4,-1,0,1,1,10
413.4,327.5,-1,0,1,1,10
413.4,334.45,-1,0,1,1,10
413.4,341.4,-1,0,1,1,10
399.5,327.5,-1,0,1,1,10
399.5,334.45,-1,0,1,1,10
399.5,341.4,-1,0,1,1,10
406.45,327.5,-1,0,1,1,10
406.45,334.45,-1,0,1,1,10
406.45,341.4,-1,0,1,1,10
413.4,327.5,-1,0,1,1,10
413.4,334.45,-1,0,1,1,10
413.4,341.4,-1,0,1,1,10
399.5,327.5,-1,0,1,1,10
399.5,334.45,-1,0,1,1,10
399.5,341.4,-1,0,1,1,10
406.45,327.5,-1,0,1,1,10
406.45,334.45,-1,0,1,1,10
406.45,341.4,-1,0,1,1,10
413.4,327.5,-1,0,1,1,10
413.4,334.45,-1,0,1,1,10
413.4,341.4,-1,0,1,1,10
158.5,324.5,-1,0,1,1,10
158.5,331.45,-1,0,1,1,10
158.5,338.4,-1,0,1,1,10
165.45,324.5,-1,0,1,1,10
165.45,331.45,-1,0,1,1,10
165.45,338.4,-1,0,1,1,10
172.4,324.5,-1,0,1,1,10
172.4,331.45,-1,0,1,1,10
172.4,338.4,-1,0,1,1,10
158.5,324.5,-1,0,1,1,10
158.5,331.45,-1,0,1,1,10
158.5,338.4,-1,0,1,1,10
165.45,324.5,-1,0,1,1,10
165.45,331.45,-1,0,1,1,10
165.45,338.4,-1,0,1,1,10
172.4,324.5,-1,0,1,1,10
172.4,331.45,-1,0,1,1,10
172.4,338.4,-1,0,1,1,10
158.5,324.5,-1,0,1,1,10
158.5,331.45,-1,0,1,1,10
158.5,338.4,-1,0,1,1,10
165.45,324.5,-1,0,1,1,10
165.45,331.45,-1,0,1,1,10
165.45,338.4,-1,0,1,1,10
172.4,324.5,-1,0,1,1,10
172.4,331.45,-1,0,1,1,10
172.4,338.4,-1,0,1,1,10
158.5,324.5,-1,0,1,1,10
158.5,331.45,-1,0,1,1,10
158.5,338.4,-1,0,1,1,10
165.45,324.5,-1,0,1,1,10
165.45,331.45,-1,0,1,1,10
165.45,338.4,-1,0,1,1,10
172.4,324.5,-1,0,1,1,10
172.4,331.45,-1,0,1,1,10
172.4,338.4,-1,0,1,1,10
181.5,355.5,-1,0,1,1,10
181.5,362.45,-1,0,1,1,10
181.5,369.4,-1,0,1,1,10
188.45,355.5,-1,0,1,1,10
188.45,362.45,-1,0,1,1,10
188.45,369.4,-1,0,1,1,10
195.4,355.5,-1,0,1,1,10
195.4,362.45,-1,0,1,1,10
195.4,369.4,-1,0,1,1,10
181.5,355.5,-1,0,1,1,10
181.5,362.45,-1,0,1,1,10
181.5,369.4,-1,0,1,1,10
188.45,355.5,-1,0,1,1,10
188.45,362.45,-1,0,1,1,10
188.45,369.4,-1,0,1,1,10
195.4,355.5,-1,0,1,1,10
195.4,362.45,-1,0,1,1,10
195.4,369.4,-1,0,1,1,10
181.5,355.5,-1,0,1,1,10
181.5,362.45,-1,0,1,1,10
181.5,369.4,-1,0,1,1,10
188.45,355.5,-1,0,1,1,10
188.45,362.45,-1,0,1,1,10
188.45,369.4,-1,0,1,1,10
195.4,355.5,-1,0,1,1,10
195.4,362.45,-1,0,1,1,10
195.4,369.4,-1,0,1,1,10
181.5,355.5,-1,0,1,1,10
181.5,362.45,-1,0,1,1,10
181.5,369.4,-1,0,1,1,10
188.45,355.5,-1,0,1,1,10
188.45,362.45,-1,0,1,1,10
188.45,369.4,-1,0,1,1,10
195.4,355.5,-1,0,1,1,10
195.4,362.45,-1,0,1,1,10
195.4,369.4,-1,0,1,1,10
185.5,355.5,-1,0,1,1,10
185.5,362.45,-1,0,1,1,10
185.5,369.4,-1,0,1,1,10
192.45,355.5,-1,0,1,1,10
192.45,362.45,-1,0,1,1,10
192.45,369.4,-1,0,1,1,10
199.4,355.5,-1,0,1,1,10
199.4,362.45,-1,0,1,1,10
199.4,369.4,-1,0,1,1,10
192.5,357.5,-1,0,1,1,10
192.5,364.45,-1,0,1,1,10
192.5,371.4,-1,0,1,1,10
199.45,357.5,-1,0,1,1,10
199.45,364.45,-1,0,1,1,10
199.45,371.4,-1,0,1,1,10
206.4,357.5,-1,0,1,1,10
206.4,364.45,-1,0,1,1,10
206.4,371.4,-1,0,1,1,10
250.5,366.5,-1,0,1,1,10
250.5,373.45,-1,0,1,1,10
250.5,380.4,-1,0,1,1,10
257.45,366.5,-1,0,1,1,10
257.45,373.45,-1,0,1,1,10
257.45,380.4,-1,0,1,1,10
264.4,366.5,-1,0,1,1,10
264.4,373.45,-1,0,1,1,10
264.4,380.4,-1,0,1,1,10
250.5,366.5,-1,0,1,1,10
250.5,373.45,-1,0,1,1,10
250.5,380.4,-1,0,1,1,10
257.45,366.5,-1,0,1,1,10
257.45,373.45,-1,0,1,1,10
257.45,380.4,-1,0,1,1,10
264.4,366.5,-1,0,1,1,10
264.4,373.45,-1,0,1,1,10
264.4,380.4,-1,0,1,1,10
250.5,366.5,-1,0,1,1,10
250.5,373.45,-1,0,1,1,10
250.5,380.4,-1,0,1,1,10
257.45,366.5,-1,0,1,1,10
257.45,373.45,-1,0,1,1,10
257.45,380.4,-1,0,1,1,10
264.4,366.5,-1,0,1,1,10
264.4,373.45,-1,0,1,1,10
264.4,380.4,-1,0,1,1,10
250.5,366.5,-1,0,1,1,10
250.5,373.45,-1,0,1,1,10
250.5,380.4,-1,0,1,1,10
257.45,366.5,-1,0,1,1,10
257.45,373.45,-1,0,1,1,10
257.45,380.4,-1,0,1,1,10
264.4,366.5,-1,0,1,1,10
264.4,373.45,-1,0,1,1,10
264.4,380.4,-1,0,1,1,10
302.5,372.5,-1,0,1,1,10
302.5,379.45,-1,0,1,1,10
302.5,386.4,-1,0,1,1,10
309.45,372.5,-1,0,1,1,10
309.45,379.45,-1,0,1,1,10
309.45,386.4,-1,0,1,1,10
316.4,372.5,-1,0,1,1,10
316.4,379.45,-1,0,1,1,10
316.4,386.4,-1,0,1,1,10
302.5,372.5,-1,0,1,1,10
302.5,379.45,-1,0,1,1,10
302.5,386.4,-1,0,1,1,10
309.45,372.5,-1,0,1,1,10
309.45,379.45,-1,0,1,1,10
309.45,386.4,-1,0,1,1,10
316.4,372.5,-1,0,1,1,10
316.4,379.45,-1,0,1,1,10
316.4,386.4,-1,0,1,1,10
302.5,372.5,-1,0,1,1,10
302.5,379.45,-1,0,1,1,10
302.5,386.4,-1,0,1,1,10
309.45,372.5,-1,0,1,1,10
309.45,379.45,-1,0,1,1,10
309.45,386.4,-1,0,1,1,10
316.4,372.5,-1,0,1,1,10
316.4,379.45,-1,0,1,1,10
316.4,386.4,-1,0,1,1,10
302.5,372.5,-1,0,1,1,10
302.5,379.45,-1,0,1,1,10
302.5,386.4,-1,0,1,1,10
309.45,372.5,-1,0,1,1,10
309.45,379.45,-1,0,1,1,10
309.45,386.4,-1,0,1,1,10
316.4,372.5,-1,0,1,1,10
316.4,379.45,-1,0,1,1,10
316.4,386.4,-1,0,1,1,10
224.5,358.5,-1,0,1,1,10
224.5,365.45,-1,0,1,1,10
224.5,372.4,-1,0,1,1,10
231.45,358.5,-1,0,1,1,10
231.45,365.45,-1,0,1,1,10
231.45,372.4,-1,0,1,1,10
238.4,358.5,-1,0,1,1,10
238.4,365.45,-1,0,1,1,10
238.4,372.4,-1,0,1,1,10
224.5,358.5,-1,0,1,1,10
224.5,365.45,-1,0,1,1,10
224.5,372.4,-1,0,1,1,10
231.45,358.5,-1,0,1,1,10
231.45,365.45,-1,0,1,1,10
231.45,372.4,-1,0,1,1,10
238.4,358.5,-1,0,1,1,10
238.4,365.45,-1,0,1,1,10
238.4,372.4,-1,0,1,1,10
224.5,358.5,-1,0,1,1,10
224.5,365.45,-1,0,1,1,10
224.5,372.4,-1,0,1,1,10
231.45,358.5,-1,0,1,1,10
231.45,365.45,-1,0,1,1,10
231.45,372.4,-1,0,1,1,10
238.4,358.5,-1,0,1,1,10
238.4,365.45,-1,0,1,1,10
238.4,372.4,-1,0,1,1,10
224.5,358.5,-1,0,1,1,10
224.5,365.45,-1,0,1,1,10
224.5,372.4,-1,0,1,1,10
231.45,358.5,-1,0,1,1,10
231.45,365.45,-1,0,1,1,10
231.45,372.4,-1,0,1,1,10
238.4,358.5,-1,0,1,1,10
238.4,365.45,-1,0,1,1,10
238.4,372.4,-1,0,1,1,10
224.5,358.5,-1,0,1,1,10
224.5,365.45,-1,0,1,1,10
224.5,372.4,-1,0,1,1,10
231.45,358.5,-1,0,1,1,10
231.45,365.45,-1,0,1,1,10
231.45,372.4,-1,0,1,1,10
238.4,358.5,-1,0,1,1,10
238.4,365.45,-1,0,1,1,10
238.4,372.4,-1,0,1,1,10
224.5,358.5,-1,0,1,1,10
224.5,365.45,-1,0,1,1,10
224.5,372.4,-1,0,1,1,10
231.45,358.5,-1,0,1,1,10
231.45,365.45,-1,0,1,1,10
231.45,372.4,-1,0,1,1,10
238.4,358.5,-1,0,1,1,10
238.4,365.45,-1,0,1,1,10
238.4,372.4,-1,0,1,1,10
199.5,325.5,-1,0,1,1,10
199.5,332.45,-1,0,1,1,10
199.5,339.4,-1,0,1,1,10
206.45,325.5,-1,0,1,1,10
206.45,332.45,-1,0,1,1,10
206.45,339.4,-1,0,1,1,10
213.4,325.5,-1,0,1,1,10
213.4,332.45,-1,0,1,1,10
213.4,339.4,-1,0,1,1,10
199.5,325.5,-1,0,1,1,10
199.5,332.45,-1,0,1,1,10
199.5,339.4,-1,0,1,1,10
206.45,325.5,-1,0,1,1,10
206.45,332.45,-1,0,1,1,10
206.45,339.4,-1,0,1,1,10
213.4,325.5,-1,0,1,1,10
213.4,332.45,-1,0,1,1,10
213.4,339.4,-1,0,1,1,10
199.5,325.5,-1,0,1,1,10
199.5,332.45,-1,0,1,1,10
199.5,339.4,-1,0,1,1,10
206.45,325.5,-1,0,1,1,10
206.45,332.45,-1,0,1,1,10
206.45,339.4,-1,0,1,1,10
213.4,325.5,-1,0,1,1,10
213.4,332.45,-1,0,1,1,10
213.4,339.4,-1,0,1,1,10
199.5,325.5,-1,0,1,1,10
199.5,332.45,-1,0,1,1,10
199.5,339.4,-1,0,1,1,10
206.45,325.5,-1,0,1,1,10
206.45,332.45,-1,0,1,1,10
206.45,339.4,-1,0,1,1,10
213.4,325.5,-1,0,1,1,10
213.4,332.45,-1,0,1,1,10
213.4,339.4,-1,0,1,1,10
272.5,366.5,-1,0,1,1,10
272.5,373.45,-1,0,1,1,10
272.5,380.4,-1,0,1,1,10
279.45,366.5,-1,0,1,1,10
279.45,373.45,-1,0,1,1,10
279.45,380.4,-1,0,1,1,10
286.4,366.5,-1,0,1,1,10
286.4,373.45,-1,0,1,1,10
286.4,380.4,-1,0,1,1,10
272.5,366.5,-1,0,1,1,10
272.5,373.45,-1,0,1,1,10
272.5,380.4,-1,0,1,1,10
279.45,366.5,-1,0,1,1,10
279.45,373.45,-1,0,1,1,10
279.45,380.4,-1,0,1,1,10
286.4,366.5,-1,0,1,1,10
286.4,373.45,-1,0,1,1,10
286.4,380.4,-1,0,1,1,10
272.5,366.5,-1,0,1,1,10
272.5,373.45,-1,0,1,1,10
272.5,380.4,-1,0,1,1,10
279.45,366.5,-1,0,1,1,10
279.45,373.45,-1,0,1,1,10
279.45,380.4,-1,0,1,1,10
286.4,366.5,-1,0,1,1,10
286.4,373.45,-1,0,1,1,10
286.4,380.4,-1,0,1,1,10
272.5,366.5,-1,0,1,1,10
272.5,373.45,-1,0,1,1,10
272.5,380.4,-1,0,1,1,10
279.45,366.5,-1,0,1,1,10
279.45,373.45,-1,0,1,1,10
279.45,380.4,-1,0,1,1,10
286.4,366.5,-1,0,1,1,10
286.4,373.45,-1,0,1,1,10
286.4,380.4,-1,0,1,1,10
272.5,366.5,-1,0,1,1,10
272.5,373.45,-1,0,1,1,10
272.5,380.4,-1,0,1,1,10
279.45,366.5,-1,0,1,1,10
279.45,373.45,-1,0,1,1,10
279.45,380.4,-1,0,1,1,10
286.4,366.5,-1,0,1,1,10
286.4,373.45,-1,0,1,1,10
286.4,380.4,-1,0,1,1,10
810.5,415.5,-1,0,0.8,3,10
810.5,423.45,-1,0,0.8,3,10
810.5,431.4,-1,0,0.8,3,10
818.45,415.5,-1,0,0.8,3,10
818.45,423.45,-1,0,0.8,3,10
818.45,431.4,-1,0,0.8,3,10
826.4,415.5,-1,0,0.8,3,10
826.4,423.45,-1,0,0.8,3,10
826.4,431.4,-1,0,0.8,3,10
810.5,415.5,-1,0,0.8,3,10
810.5,423.45,-1,0,0.8,3,10
810.5,431.4,-1,0,0.8,3,10
818.45,415.5,-1,0,0.8,3,10
818.45,423.45,-1,0,0.8,3,10
818.45,431.4,-1,0,0.8,3,10
826.4,415.5,-1,0,0.8,3,10
826.4,423.45,-1,0,0.8,3,10
826.4,431.4,-1,0,0.8,3,10
810.5,415.5,-1,0,0.8,3,10
810.5,423.45,-1,0,0.8,3,10
810.5,431.4,-1,0,0.8,3,10
818.45,415.5,-1,0,0.8,3,10
818.45,423.45,-1,0,0.8,3,10
818.45,431.4,-1,0,0.8,3,10
826.4,415.5,-1,0,0.8,3,10
826.4,423.45,-1,0,0.8,3,10
826.4,431.4,-1,0,0.8,3,10
810.5,415.5,-1,0,0.8,3,10
810.5,423.45,-1,0,0.8,3,10
810.5,431.4,-1,0,0.8,3,10
818.45,415.5,-1,0,0.8,3,10
818.45,423.45,-1,0,0.8,3,10
818.45,431.4,-1,0,0.8,3,10
826.4,415.5,-1,0,0.8,3,10
826.4,423.45,-1,0,0.8,3,10
826.4,431.4,-1,0,0.8,3,10
745.5,418.5,-1,0,0.8,3,10
745.5,426.45,-1,0,0.8,3,10
745.5,434.4,-1,0,0.8,3,10
753.45,418.5,-1,0,0.8,3,10
753.45,426.45,-1,0,0.8,3,10
753.45,434.4,-1,0,0.8,3,10
761.4,418.5,-1,0,0.8,3,10
761.4,426.45,-1,0,0.8,3,10
761.4,434.4,-1,0,0.8,3,10
745.5,418.5,-1,0,0.8,3,10
745.5,426.45,-1,0,0.8,3,10
745.5,434.4,-1,0,0.8,3,10
753.45,418.5,-1,0,0.8,3,10
753.45,426.45,-1,0,0.8,3,10
753.45,434.4,-1,0,0.8,3,10
761.4,418.5,-1,0,0.8,3,10
761.4,426.45,-1,0,0.8,3,10
761.4,434.4,-1,0,0.8,3,10
745.5,418.5,-1,0,0.8,3,10
745.5,426.45,-1,0,0.8,3,10
745.5,434.4,-1,0,0.8,3,10
753.45,418.5,-1,0,0.8,3,10
753.45,426.45,-1,0,0.8,3,10
753.45,434.4,-1,0,0.8,3,10
761.4,418.5,-1,0,0.8,3,10
761.4,426.45,-1,0,0.8,3,10
761.4,434.4,-1,0,0.8,3,10
745.5,418.5,-1,0,0.8,3,10
745.5,426.45,-1,0,0.8,3,10
745.5,434.4,-1,0,0.8,3,10
753.45,418.5,-1,0,0.8,3,10
753.45,426.45,-1,0,0.8,3,10
753.45,434.4,-1,0,0.8,3,10
761.4,418.5,-1,0,0.8,3,10
761.4,426.45,-1,0,0.8,3,10
761.4,434.4,-1,0,0.8,3,10
781.5,418.5,-1,0,0.8,3,10
781.5,426.45,-1,0,0.8,3,10
781.5,434.4,-1,0,0.8,3,10
789.45,418.5,-1,0,0.8,3,10
789.45,426.45,-1,0,0.8,3,10
789.45,434.4,-1,0,0.8,3,10
797.4,418.5,-1,0,0.8,3,10
797.4,426.45,-1,0,0.8,3,10
797.4,434.4,-1,0,0.8,3,10
781.5,418.5,-1,0,0.8,3,10
781.5,426.45,-1,0,0.8,3,10
781.5,434.4,-1,0,0.8,3,10
789.45,418.5,-1,0,0.8,3,10
789.45,426.45,-1,0,0.8,3,10
789.45,434.4,-1,0,0.8,3,10
797.4,418.5,-1,0,0.8,3,10
797.4,426.45,-1,0,0.8,3,10
797.4,434.4,-1,0,0.8,3,10
781.5,418.5,-1,0,0.8,3,10
781.5,426.45,-1,0,0.8,3,10
781.5,434.4,-1,0,0.8,3,10
789.45,418.5,-1,0,0.8,3,10
789.45,426.45,-1,0,0.8,3,10
789.45,434.4,-1,0,0.8,3,10
797.4,418.5,-1,0,0.8,3,10
797.4,426.45,-1,0,0.8,3,10
797.4,434.4,-1,0,0.8,3,10
833.5,416.5,-1,0,0.8,3,10
833.5,424.45,-1,0,0.8,3,10
833.5,432.4,-1,0,0.8,3,10
841.45,416.5,-1,0,0.8,3,10
841.45,424.45,-1,0,0.8,3,10
841.45,432.4,-1,0,0.8,3,10
849.4,416.5,-1,0,0.8,3,10
849.4,424.45,-1,0,0.8,3,10
849.4,432.4,-1,0,0.8,3,10
833.5,416.5,-1,0,0.8,3,10
833.5,424.45,-1,0,0.8,3,10
833.5,432.4,-1,0,0.8,3,10
841.45,416.5,-1,0,0.8,3,10
841.45,424.45,-1,0,0.8,3,10
841.45,432.4,-1,0,0.8,3,10
849.4,416.5,-1,0,0.8,3,10
849.4,424.45,-1,0,0.8,3,10
849.4,432.4,-1,0,0.8,3,10
833.5,416.5,-1,0,0.8,3,10
833.5,424.45,-1,0,0.8,3,10
833.5,432.4,-1,0,0.8,3,10
841.45,416.5,-1,0,0.8,3,10
841.45,424.45,-1,0,0.8,3,10
841.45,432.4,-1,0,0.8,3,10
849.4,416.5,-1,0,0.8,3,10
849.4,424.45,-1,0,0.8,3,10
849.4,432.4,-1,0,0.8,3,10
833.5,416.5,-1,0,0.8,3,10
833.5,424.45,-1,0,0.8,3,10
833.5,432.4,-1,0,0.8,3,10
841.45,416.5,-1,0,0.8,3,10
841.45,424.45,-1,0,0.8,3,10
841.45,432.4,-1,0,0.8,3,10
849.4,416.5,-1,0,0.8,3,10
849.4,424.45,-1,0,0.8,3,10
849.4,432.4,-1,0,0.8,3,10
835.5,416.5,-1,0,0.8,3,10
835.5,424.45,-1,0,0.8,3,10
835.5,432.4,-1,0,0.8,3,10
843.45,416.5,-1,0,0.8,3,10
843.45,424.45,-1,0,0.8,3,10
843.45,432.4,-1,0,0.8,3,10
851.4,416.5,-1,0,0.8,3,10
851.4,424.45,-1,0,0.8,3,10
851.4,432.4,-1,0,0.8,3,10
890.5,419.5,-1,0,0.8,3,10
890.5,427.45,-1,0,0.8,3,10
890.5,435.4,-1,0,0.8,3,10
898.45,419.5,-1,0,0.8,3,10
898.45,427.45,-1,0,0.8,3,10
898.45,435.4,-1,0,0.8,3,10
906.4,419.5,-1,0,0.8,3,10
906.4,427.45,-1,0,0.8,3,10
906.4,435.4,-1,0,0.8,3,10
890.5,419.5,-1,0,0.8,3,10
890.5,427.45,-1,0,0.8,3,10
890.5,435.4,-1,0,0.8,3,10
898.45,419.5,-1,0,0.8,3,10
898.45,427.45,-1,0,0.8,3,10
898.45,435.4,-1,0,0.8,3,10
906.4,419.5,-1,0,0.8,3,10
906.4,427.45,-1,0,0.8,3,10
906.4,435.4,-1,0,0.8,3,10
890.5,419.5,-1,0,0.8,3,10
890.5,427.45,-1,0,0.8,3,10
890.5,435.4,-1,0,0.8,3,10
898.45,419.5,-1,0,0.8,3,10
898.45,427.45,-1,0,0.8,3,10
898.45,435.4,-1,0,0.8,3,10
906.4,419.5,-1,0,0.8,3,10
906.4,427.45,-1,0,0.8,3,10
906.4,435.4,-1,0,0.8,3,10
890.5,419.5,-1,0,0.8,3,10
890.5,427.45,-1,0,0.8,3,10
890.5,435.4,-1,0,0.8,3,10
898.45,419.5,-1,0,0.8,3,10
898.45,427.45,-1,0,0.8,3,10
898.45,435.4,-1,0,0.8,3,10
906.4,419.5,-1,0,0.8,3,10
906.4,427.45,-1,0,0.8,3,10
906.4,435.4,-1,0,0.8,3,10
869.5,410.5,-1,0,0.8,3,10
869.5,418.45,-1,0,0.8,3,10
869.5,426.4,-1,0,0.8,3,10
877.45,410.5,-1,0,0.8,3,10
877.45,418.45,-1,0,0.8,3,10
877.45,426.4,-1,0,0.8,3,10
885.4,410.5,-1,0,0.8,3,10
885.4,418.45,-1,0,0.8,3,10
885.4,426.4,-1,0,0.8,3,10
869.5,410.5,-1,0,0.8,3,10
869.5,418.45,-1,0,0.8,3,10
869.5,426.4,-1,0,0.8,3,10
877.45,410.5,-1,0,0.8,3,10
877.45,418.45,-1,0,0.8,3,10
877.45,426.4,-1,0,0.8,3,10
885.4,410.5,-1,0,0.8,3,10
885.4,418.45,-1,0,0.8,3,10
885.4,426.4,-1,0,0.8,3,10
869.5,410.5,-1,0,0.8,3,10
869.5,418.45,-1,0,0.8,3,10
869.5,426.4,-1,0,0.8,3,10
877.45,410.5,-1,0,0.8,3,10
877.45,418.45,-1,0,0.8,3,10
877.45,426.4,-1,0,0.8,3,10
885.4,410.5,-1,0,0.8,3,10
885.4,418.45,-1,0,0.8,3,10
885.4,426.4,-1,0,0.8,3,10
869.5,410.5,-1,0,0.8,3,10
869.5,418.45,-1,0,0.8,3,10
869.5,426.4,-1,0,0.8,3,10
877.45,410.5,-1,0,0.8,3,10
877.45,418.45,-1,0,0.8,3,10
877.45,426.4,-1,0,0.8,3,10
885.4,410.5,-1,0,0.8,3,10
885.4,418.45,-1,0,0.8,3,10
885.4,426.4,-1,0,0.8,3,10
869.5,410.5,-1,0,0.8,3,10
869.5,418.45,-1,0,0.8,3,10
869.5,426.4,-1,0,0.8,3,10
877.45,410.5,-1,0,0.8,3,10
877.45,418.45,-1,0,0.8,3,10
877.45,426.4,-1,0,0.8,3,10
885.4,410.5,-1,0,0.8,3,10
885.4,418.45,-1,0,0.8,3,10
885.4,426.4,-1,0,0.8,3,10
919.5,408.5,-1,0,0.8,3,10
919.5,416.45,-1,0,0.8,3,10
919.5,424.4,-1,0,0.8,3,10
927.45,408.5,-1,0,0.8,3,10
927.45,416.45,-1,0,0.8,3,10
927.45,424.4,-1,0,0.8,3,10
935.4,408.5,-1,0,0.8,3,10
935.4,416.45,-1,0,0.8,3,10
935.4,424.4,-1,0,0.8,3,10
919.5,408.5,-1,0,0.8,3,10
919.5,416.45,-1,0,0.8,3,10
919.5,424.4,-1,0,0.8,3,10
927.45,408.5,-1,0,0.8,3,10
927.45,416.45,-1,0,0.8,3,10
927.45,424.4,-1,0,0.8,3,10
935.4,408.5,-1,0,0.8,3,10
935.4,416.45,-1,0,0.8,3,10
935.4,424.4,-1,0,0.8,3,10
920.5,408.5,-1,0,0.8,3,10
920.5,416.45,-1,0,0.8,3,10
920.5,424.4,-1,0,0.8,3,10
928.45,408.5,-1,0,0.8,3,10
928.45,416.45,-1,0,0.8,3,10
928.45,424.4,-1,0,0.8,3,10
936.4,408.5,-1,0,0.8,3,10
936.4,416.45,-1,0,0.8,3,10
936.4,424.4,-1,0,0.8,3,10
920.5,408.5,-1,0,0.8,3,10
920.5,416.45,-1,0,0.8,3,10
920.5,424.4,-1,0,0.8,3,10
928.45,408.5,-1,0,0.8,3,10
928.45,416.45,-1,0,0.8,3,10
928.45,424.4,-1,0,0.8,3,10
936.4,408.5,-1,0,0.8,3,10
936.4,416.45,-1,0,0.8,3,10
936.4,424.4,-1,0,0.8,3,10
920.5,408.5,-1,0,0.8,3,10
920.5,416.45,-1,0,0.8,3,10
920.5,424.4,-1,0,0.8,3,10
928.45,408.5,-1,0,0.8,3,10
928.45,416.45,-1,0,0.8,3,10
928.45,424.4,-1,0,0.8,3,10
936.4,408.5,-1,0,0.8,3,10
936.4,416.45,-1,0,0.8,3,10
936.4,424.4,-1,0,0.8,3,10
932.5,385.5,-1,0,0.8,3,10
932.5,393.45,-1,0,0.8,3,10
932.5,401.4,-1,0,0.8,3,10
940.45,385.5,-1,0,0.8,3,10
940.45,393.45,-1,0,0.8,3,10
940.45,401.4,-1,0,0.8,3,10
948.4,385.5,-1,0,0.8,3,10
948.4,393.45,-1,0,0.8,3,10
948.4,401.4,-1,0,0.8,3,10
932.5,385.5,-1,0,0.8,3,10
932.5,393.45,-1,0,0.8,3,10
932.5,401.4,-1,0,0.8,3,10
940.45,385.5,-1,0,0.8,3,10
940.45,393.45,-1,0,0.8,3,10
940.45,401.4,-1,0,0.8,3,10
948.4,385.5,-1,0,0.8,3,10
948.4,393.45,-1,0,0.8,3,10
948.4,401.4,-1,0,0.8,3,10
933.5,385.5,-1,0,0.8,3,10
933.5,393.45,-1,0,0.8,3,10
933.5,401.4,-1,0,0.8,3,10
941.45,385.5,-1,0,0.8,3,10
941.45,393.45,-1,0,0.8,3,10
941.45,401.4,-1,0,0.8,3,10
949.4,385.5,-1,0,0.8,3,10
949.4,393.45,-1,0,0.8,3,10
949.4,401.4,-1,0,0.8,3,10
935.5,382.5,-1,0,0.8,3,10
935.5,390.45,-1,0,0.8,3,10
935.5,398.4,-1,0,0.8,3,10
943.45,382.5,-1,0,0.8,3,10
943.45,390.45,-1,0,0.8,3,10
943.45,398.4,-1,0,0.8,3,10
951.4,382.5,-1,0,0.8,3,10
951.4,390.45,-1,0,0.8,3,10
951.4,398.4,-1,0,0.8,3,10
949.5,361.5,-1,0,0.8,3,10
949.5,369.45,-1,0,0.8,3,10
949.5,377.4,-1,0,0.8,3,10
957.45,361.5,-1,0,0.8,3,10
957.45,369.45,-1,0,0.8,3,10
957.45,377.4,-1,0,0.8,3,10
965.4,361.5,-1,0,0.8,3,10
965.4,369.45,-1,0,0.8,3,10
965.4,377.4,-1,0,0.8,3,10
950.5,360.5,-1,0,0.8,3,10
950.5,368.45,-1,0,0.8,3,10
950.5,376.4,-1,0,0.8,3,10
958.45,360.5,-1,0,0.8,3,10
958.45,368.45,-1,0,0.8,3,10
958.45,376.4,-1,0,0.8,3,10
966.4,360.5,-1,0,0.8,3,10
966.4,368.45,-1,0,0.8,3,10
966.4,376.4,-1,0,0.8,3,10
950.5,359.5,-1,0,0.8,3,10
950.5,367.45,-1,0,0.8,3,10
950.5,375.4,-1,0,0.8,3,10
958.45,359.5,-1,0,0.8,3,10
958.45,367.45,-1,0,0.8,3,10
958.45,375.4,-1,0,0.8,3,10
966.4,359.5,-1,0,0.8,3,10
966.4,367.45,-1,0,0.8,3,10
966.4,375.4,-1,0,0.8,3,10
950.5,359.5,-1,0,0.8,3,10
950.5,367.45,-1,0,0.8,3,10
950.5,375.4,-1,0,0.8,3,10
958.45,359.5,-1,0,0.8,3,10
958.45,367.45,-1,0,0.8,3,10
958.45,375.4,-1,0,0.8,3,10
966.4,359.5,-1,0,0.8,3,10
966.4,367.45,-1,0,0.8,3,10
966.4,375.4,-1,0,0.8,3,10
951.5,358.5,-1,0,0.8,3,10
951.5,366.45,-1,0,0.8,3,10
951.5,374.4,-1,0,0.8,3,10
959.45,358.5,-1,0,0.8,3,10
959.45,366.45,-1,0,0.8,3,10
959.45,374.4,-1,0,0.8,3,10
967.4,358.5,-1,0,0.8,3,10
967.4,366.45,-1,0,0.8,3,10
967.4,374.4,-1,0,0.8,3,10
958.5,338.5,-1,0,0.8,3,10
958.5,346.45,-1,0,0.8,3,10
958.5,354.4,-1,0,0.8,3,10
966.45,338.5,-1,0,0.8,3,10
966.45,346.45,-1,0,0.8,3,10
966.45,354.4,-1,0,0.8,3,10
974.4,338.5,-1,0,0.8,3,10
974.4,346.45,-1,0,0.8,3,10
974.4,354.4,-1,0,0.8,3,10
958.5,338.5,-1,0,0.8,3,10
958.5,346.45,-1,0,0.8,3,10
958.5,354.4,-1,0,0.8,3,10
966.45,338.5,-1,0,0.8,3,10
966.45,346.45,-1,0,0.8,3,10
966.45,354.4,-1,0,0.8,3,10
974.4,338.5,-1,0,0.8,3,10
974.4,346.45,-1,0,0.8,3,10
974.4,354.4,-1,0,0.8,3,10
958.5,338.5,-1,0,0.8,3,10
958.5,346.45,-1,0,0.8,3,10
958.5,354.4,-1,0,0.8,3,10
966.45,338.5,-1,0,0.8,3,10
966.45,346.45,-1,0,0.8,3,10
966.45,354.4,-1,0,0.8,3,10
974.4,338.5,-1,0,0.8,3,10
974.4,346.45,-1,0,0.8,3,10
974.4,354.4,-1,0,0.8,3,10
958.5,338.5,-1,0,0.8,3,10
958.5,346.45,-1,0,0.8,3,10
958.5,354.4,-1,0,0.8,3,10
966.45,338.5,-1,0,0.8,3,10
966.45,346.45,-1,0,0.8,3,10
966.45,354.4,-1,0,0.8,3,10
974.4,338.5,-1,0,0.8,3,10
974.4,346.45,-1,0,0.8,3,10
974.4,354.4,-1,0,0.8,3,10
910.5,347.5,-1,0,0.8,3,10
910.5,355.45,-1,0,0.8,3,10
910.5,363.4,-1,0,0.8,3,10
918.45,347.5,-1,0,0.8,3,10
918.45,355.45,-1,0,0.8,3,10
918.45,363.4,-1,0,0.8,3,10
926.4,347.5,-1,0,0.8,3,10
926.4,355.45,-1,0,0.8,3,10
926.4,363.4,-1,0,0.8,3,10
910.5,348.5,-1,0,0.8,3,10
910.5,356.45,-1,0,0.8,3,10
910.5,364.4,-1,0,0.8,3,10
918.45,348.5,-1,0,0.8,3,10
918.45,356.45,-1,0,0.8,3,10
918.45,364.4,-1,0,0.8,3,10
926.4,348.5,-1,0,0.8,3,10
926.4,356.45,-1,0,0.8,3,10
926.4,364.4,-1,0,0.8,3,10
910.5,348.5,-1,0,0.8,3,10
910.5,356.45,-1,0,0.8,3,10
910.5,364.4,-1,0,0.8,3,10
918.45,348.5,-1,0,0.8,3,10
918.45,356.45,-1,0,0.8,3,10
918.45,364.4,-1,0,0.8,3,10
926.4,348.5,-1,0,0.8,3,10
926.4,356.45,-1,0,0.8,3,10
926.4,364.4,-1,0,0.8,3,10
910.5,348.5,-1,0,0.8,3,10
910.5,356.45,-1,0,0.8,3,10
910.5,364.4,-1,0,0.8,3,10
918.45,348.5,-1,0,0.8,3,10
918.45,356.45,-1,0,0.8,3,10
918.45,364.4,-1,0,0.8,3,10
926.4,348.5,-1,0,0.8,3,10
926.4,356.45,-1,0,0.8,3,10
926.4,364.4,-1,0,0.8,3,10
909.5,348.5,-1,0,0.8,3,10
909.5,356.45,-1,0,0.8,3,10
909.5,364.4,-1,0,0.8,3,10
917.45,348.5,-1,0,0.8,3,10
917.45,356.45,-1,0,0.8,3,10
917.45,364.4,-1,0,0.8,3,10
925.4,348.5,-1,0,0.8,3,10
925.4,356.45,-1,0,0.8,3,10
925.4,364.4,-1,0,0.8,3,10
652.5,259.5,-1,0,0.8,3,10
652.5,267.45,-1,0,0.8,3,10
652.5,275.4,-1,0,0.8,3,10
660.45,259.5,-1,0,0.8,3,10
660.45,267.45,-1,0,0.8,3,10
660.45,275.4,-1,0,0.8,3,10
668.4,259.5,-1,0,0.8,3,10
668.4,267.45,-1,0,0.8,3,10
668.4,275.4,-1,0,0.8,3,10
652.5,259.5,-1,0,0.8,3,10
652.5,267.45,-1,0,0.8,3,10
652.5,275.4,-1,0,0.8,3,10
660.45,259.5,-1,0,0.8,3,10
660.45,267.45,-1,0,0.8,3,10
660.45,275.4,-1,0,0.8,3,10
668.4,259.5,-1,0,0.8,3,10
668.4,267.45,-1,0,0.8,3,10
668.4,275.4,-1,0,0.8,3,10
652.5,259.5,-1,0,0.8,3,10
652.5,267.45,-1,0,0.8,3,10
652.5,275.4,-1,0,0.8,3,10
660.45,259.5,-1,0,0.8,3,10
660.45,267.45,-1,0,0.8,3,10
660.45,275.4,-1,0,0.8,3,10
668.4,259.5,-1,0,0.8,3,10
668.4,267.45,-1,0,0.8,3,10
668.4,275.4,-1,0,0.8,3,10
655.5,260.5,-1,0,0.8,3,10
655.5,268.45,-1,0,0.8,3,10
655.5,276.4,-1,0,0.8,3,10
663.45,260.5,-1,0,0.8,3,10
663.45,268.45,-1,0,0.8,3,10
663.45,276.4,-1,0,0.8,3,10
671.4,260.5,-1,0,0.8,3,10
671.4,268.45,-1,0,0.8,3,10
671.4,276.4,-1,0,0.8,3,10
664.5,264.5,-1,0,0.8,3,10
664.5,272.45,-1,0,0.8,3,10
664.5,280.4,-1,0,0.8,3,10
672.45,264.5,-1,0,0.8,3,10
672.45,272.45,-1,0,0.8,3,10
672.45,280.4,-1,0,0.8,3,10
680.4,264.5,-1,0,0.8,3,10
680.4,272.45,-1,0,0.8,3,10
680.4,280.4,-1,0,0.8,3,10
688.5,278.5,-1,0,0.8,3,10
688.5,286.45,-1,0,0.8,3,10
688.5,294.4,-1,0,0.8,3,10
696.45,278.5,-1,0,0.8,3,10
696.45,286.45,-1,0,0.8,3,10
696.45,294.4,-1,0,0.8,3,10
704.4,278.5,-1,0,0.8,3,10
704.4,286.45,-1,0,0.8,3,10
704.4,294.4,-1,0,0.8,3,10
688.5,278.5,-1,0,0.8,3,10
688.5,286.45,-1,0,0.8,3,10
688.5,294.4,-1,0,0.8,3,10
696.45,278.5,-1,0,0.8,3,10
696.45,286.45,-1,0,0.8,3,10
696.45,294.4,-1,0,0.8,3,10
704.4,278.5,-1,0,0.8,3,10
704.4,286.45,-1,0,0.8,3,10
704.4,294.4,-1,0,0.8,3,10
688.5,278.5,-1,0,0.8,3,10
688.5,286.45,-1,0,0.8,3,10
688.5,294.4,-1,0,0.8,3,10
696.45,278.5,-1,0,0.8,3,10
696.45,286.45,-1,0,0.8,3,10
696.45,294.4,-1,0,0.8,3,10
704.4,278.5,-1,0,0.8,3,10
704.4,286.45,-1,0,0.8,3,10
704.4,294.4,-1,0,0.8,3,10
688.5,278.5,-1,0,0.8,3,10
688.5,286.45,-1,0,0.8,3,10
688.5,294.4,-1,0,0.8,3,10
696.45,278.5,-1,0,0.8,3,10
696.45,286.45,-1,0,0.8,3,10
696.45,294.4,-1,0,0.8,3,10
704.4,278.5,-1,0,0.8,3,10
704.4,286.45,-1,0,0.8,3,10
704.4,294.4,-1,0,0.8,3,10
688.5,279.5,-1,0,0.8,3,10
688.5,287.45,-1,0,0.8,3,10
688.5,295.4,-1,0,0.8,3,10
696.45,279.5,-1,0,0.8,3,10
696.45,287.45,-1,0,0.8,3,10
696.45,295.4,-1,0,0.8,3,10
704.4,279.5,-1,0,0.8,3,10
704.4,287.45,-1,0,0.8,3,10
704.4,295.4,-1,0,0.8,3,10
689.5,281.5,-1,0,0.8,3,10
689.5,289.45,-1,0,0.8,3,10
689.5,297.4,-1,0,0.8,3,10
697.45,281.5,-1,0,0.8,3,10
697.45,289.45,-1,0,0.8,3,10
697.45,297.4,-1,0,0.8,3,10
705.4,281.5,-1,0,0.8,3,10
705.4,289.45,-1,0,0.8,3,10
705.4,297.4,-1,0,0.8,3,10
695.5,302.5,-1,0,0.8,3,10
695.5,310.45,-1,0,0.8,3,10
695.5,318.4,-1,0,0.8,3,10
703.45,302.5,-1,0,0.8,3,10
703.45,310.45,-1,0,0.8,3,10
703.45,318.4,-1,0,0.8,3,10
711.4,302.5,-1,0,0.8,3,10
711.4,310.45,-1,0,0.8,3,10
711.4,318.4,-1,0,0.8,3,10
695.5,302.5,-1,0,0.8,3,10
695.5,310.45,-1,0,0.8,3,10
695.5,318.4,-1,0,0.8,3,10
703.45,302.5,-1,0,0.8,3,10
703.45,310.45,-1,0,0.8,3,10
703.45,318.4,-1,0,0.8,3,10
711.4,302.5,-1,0,0.8,3,10
711.4,310.45,-1,0,0.8,3,10
711.4,318.4,-1,0,0.8,3,10
695.5,302.5,-1,0,0.8,3,10
695.5,310.45,-1,0,0.8,3,10
695.5,318.4,-1,0,0.8,3,10
703.45,302.5,-1,0,0.8,3,10
703.45,310.45,-1,0,0.8,3,10
703.45,318.4,-1,0,0.8,3,10
711.4,302.5,-1,0,0.8,3,10
711.4,310.45,-1,0,0.8,3,10
711.4,318.4,-1,0,0.8,3,10
696.5,304.5,-1,0,0.8,3,10
696.5,312.45,-1,0,0.8,3,10
696.5,320.4,-1,0,0.8,3,10
704.45,304.5,-1,0,0.8,3,10
704.45,312.45,-1,0,0.8,3,10
704.45,320.4,-1,0,0.8,3,10
712.4,304.5,-1,0,0.8,3,10
712.4,312.45,-1,0,0.8,3,10
712.4,320.4,-1,0,0.8,3,10
698.5,308.5,-1,0,0.8,3,10
698.5,316.45,-1,0,0.8,3,10
698.5,324.4,-1,0,0.8,3,10
706.45,308.5,-1,0,0.8,3,10
706.45,316.45,-1,0,0.8,3,10
706.45,324.4,-1,0,0.8,3,10
714.4,308.5,-1,0,0.8,3,10
714.4,316.45,-1,0,0.8,3,10
714.4,324.4,-1,0,0.8,3,10
709.5,326.5,-1,0,0.8,3,10
709.5,334.45,-1,0,0.8,3,10
709.5,342.4,-1,0,0.8,3,10
717.45,326.5,-1,0,0.8,3,10
717.45,334.45,-1,0,0.8,3,10
717.45,342.4,-1,0,0.8,3,10
725.4,326.5,-1,0,0.8,3,10
725.4,334.45,-1,0,0.8,3,10
725.4,342.4,-1,0,0.8,3,10
709.5,327.5,-1,0,0.8,3,10
709.5,335.45,-1,0,0.8,3,10
709.5,343.4,-1,0,0.8,3,10
717.45,327.5,-1,0,0.8,3,10
717.45,335.45,-1,0,0.8,3,10
717.45,343.4,-1,0,0.8,3,10
725.4,327.5,-1,0,0.8,3,10
725.4,335.45,-1,0,0.8,3,10
725.4,343.4,-1,0,0.8,3,10
709.5,327.5,-1,0,0.8,3,10
709.5,335.45,-1,0,0.8,3,10
709.5,343.4,-1,0,0.8,3,10
717.45,327.5,-1,0,0.8,3,10
717.45,335.45,-1,0,0.8,3,10
717.45,343.4,-1,0,0.8,3,10
725.4,327.5,-1,0,0.8,3,10
725.4,335.45,-1,0,0.8,3,10
725.4,343.4,-1,0,0.8,3,10
710.5,328.5,-1,0,0.8,3,10
710.5,336.45,-1,0,0.8,3,10
710.5,344.4,-1,0,0.8,3,10
718.45,328.5,-1,0,0.8,3,10
718.45,336.45,-1,0,0.8,3,10
718.45,344.4,-1,0,0.8,3,10
726.4,328.5,-1,0,0.8,3,10
726.4,336.45,-1,0,0.8,3,10
726.4,344.4,-1,0,0.8,3,10
711.5,329.5,-1,0,0.8,3,10
711.5,337.45,-1,0,0.8,3,10
711.5,345.4,-1,0,0.8,3,10
719.45,329.5,-1,0,0.8,3,10
719.45,337.45,-1,0,0.8,3,10
719.45,345.4,-1,0,0.8,3,10
727.4,329.5,-1,0,0.8,3,10
727.4,337.45,-1,0,0.8,3,10
727.4,345.4,-1,0,0.8,3,10
713.5,332.5,-1,0,0.8,3,10
713.5,340.45,-1,0,0.8,3,10
713.5,348.4,-1,0,0.8,3,10
721.45,332.5,-1,0,0.8,3,10
721.45,340.45,-1,0,0.8,3,10
721.45,348.4,-1,0,0.8,3,10
729.4,332.5,-1,0,0.8,3,10
729.4,340.45,-1,0,0.8,3,10
729.4,348.4,-1,0,0.8,3,10
729.5,346.5,-1,0,0.8,3,10
729.5,354.45,-1,0,0.8,3,10
729.5,362.4,-1,0,0.8,3,10
737.45,346.5,-1,0,0.8,3,10
737.45,354.45,-1,0,0.8,3,10
737.45,362.4,-1,0,0.8,3,10
745.4,346.5,-1,0,0.8,3,10
745.4,354.45,-1,0,0.8,3,10
745.4,362.4,-1,0,0.8,3,10
729.5,346.5,-1,0,0.8,3,10
729.5,354.45,-1,0,0.8,3,10
729.5,362.4,-1,0,0.8,3,10
737.45,346.5,-1,0,0.8,3,10
737.45,354.45,-1,0,0.8,3,10
737.45,362.4,-1,0,0.8,3,10
745.4,346.5,-1,0,0.8,3,10
745.4,354.45,-1,0,0.8,3,10
745.4,362.4,-1,0,0.8,3,10
729.5,346.5,-1,0,0.8,3,10
729.5,354.45,-1,0,0.8,3,10
729.5,362.4,-1,0,0.8,3,10
737.45,346.5,-1,0,0.8,3,10
737.45,354.45,-1,0,0.8,3,10
737.45,362.4,-1,0,0.8,3,10
745.4,346.5,-1,0,0.8,3,10
745.4,354.45,-1,0,0.8,3,10
745.4,362.4,-1,0,0.8,3,10
729.5,346.5,-1,0,0.8,3,10
729.5,354.45,-1,0,0.8,3,10
729.5,362.4,-1,0,0.8,3,10
737.45,346.5,-1,0,0.8,3,10
737.45,354.45,-1,0,0.8,3,10
737.45,362.4,-1,0,0.8,3,10
745.4,346.5,-1,0,0.8,3,10
745.4,354.45,-1,0,0.8,3,10
745.4,362.4,-1,0,0.8,3,10
729.5,346.5,-1,0,0.8,3,10
729.5,354.45,-1,0,0.8,3,10
729.5,362.4,-1,0,0.8,3,10
737.45,346.5,-1,0,0.8,3,10
737.45,354.45,-1,0,0.8,3,10
737.45,362.4,-1,0,0.8,3,10
745.4,346.5,-1,0,0.8,3,10
745.4,354.45,-1,0,0.8,3,10
745.4,362.4,-1,0,0.8,3,10
733.5,346.5,-1,0,0.8,3,10
733.5,354.45,-1,0,0.8,3,10
733.5,362.4,-1,0,0.8,3,10
741.45,346.5,-1,0,0.8,3,10
741.45,354.45,-1,0,0.8,3,10
741.45,362.4,-1,0,0.8,3,10
749.4,346.5,-1,0,0.8,3,10
749.4,354.45,-1,0,0.8,3,10
749.4,362.4,-1,0,0.8,3,10
807.5,353.5,-1,0,0.8,3,10
807.5,361.45,-1,0,0.8,3,10
807.5,369.4,-1,0,0.8,3,10
815.45,353.5,-1,0,0.8,3,10
815.45,361.45,-1,0,0.8,3,10
815.45,369.4,-1,0,0.8,3,10
823.4,353.5,-1,0,0.8,3,10
823.4,361.45,-1,0,0.8,3,10
823.4,369.4,-1,0,0.8,3,10
807.5,353.5,-1,0,0.8,3,10
807.5,361.45,-1,0,0.8,3,10
807.5,369.4,-1,0,0.8,3,10
815.45,353.5,-1,0,0.8,3,10
815.45,361.45,-1,0,0.8,3,10
815.45,369.4,-1,0,0.8,3,10
823.4,353.5,-1,0,0.8,3,10
823.4,361.45,-1,0,0.8,3,10
823.4,369.4,-1,0,0.8,3,10
807.5,353.5,-1,0,0.8,3,10
807.5,361.45,-1,0,0.8,3,10
807.5,369.4,-1,0,0.8,3,10
815.45,353.5,-1,0,0.8,3,10
815.45,361.45,-1,0,0.8,3,10
815.45,369.4,-1,0,0.8,3,10
823.4,353.5,-1,0,0.8,3,10
823.4,361.45,-1,0,0.8,3,10
823.4,369.4,-1,0,0.8,3,10
807.5,353.5,-1,0,0.8,3,10
807.5,361.45,-1,0,0.8,3,10
807.5,369.4,-1,0,0.8,3,10
815.45,353.5,-1,0,0.8,3,10
815.45,361.45,-1,0,0.8,3,10
815.45,369.4,-1,0,0.8,3,10
823.4,353.5,-1,0,0.8,3,10
823.4,361.45,-1,0,0.8,3,10
823.4,369.4,-1,0,0.8,3,10
807.5,353.5,-1,0,0.8,3,10
807.5,361.45,-1,0,0.8,3,10
807.5,369.4,-1,0,0.8,3,10
815.45,353.5,-1,0,0.8,3,10
815.45,361.45,-1,0,0.8,3,10
815.45,369.4,-1,0,0.8,3,10
823.4,353.5,-1,0,0.8,3,10
823.4,361.45,-1,0,0.8,3,10
823.4,369.4,-1,0,0.8,3,10
807.5,353.5,-1,0,0.8,3,10
807.5,361.45,-1,0,0.8,3,10
807.5,369.4,-1,0,0.8,3,10
815.45,353.5,-1,0,0.8,3,10
815.45,361.45,-1,0,0.8,3,10
815.45,369.4,-1,0,0.8,3,10
823.4,353.5,-1,0,0.8,3,10
823.4,361.45,-1,0,0.8,3,10
823.4,369.4,-1,0,0.8,3,10
807.5,353.5,-1,0,0.8,3,10
807.5,361.45,-1,0,0.8,3,10
807.5,369.4,-1,0,0.8,3,10
815.45,353.5,-1,0,0.8,3,10
815.45,361.45,-1,0,0.8,3,10
815.45,369.4,-1,0,0.8,3,10
823.4,353.5,-1,0,0.8,3,10
823.4,361.45,-1,0,0.8,3,10
823.4,369.4,-1,0,0.8,3,10
843.5,361.5,-1,0,0.8,3,10
843.5,369.45,-1,0,0.8,3,10
843.5,377.4,-1,0,0.8,3,10
851.45,361.5,-1,0,0.8,3,10
851.45,369.45,-1,0,0.8,3,10
851.45,377.4,-1,0,0.8,3,10
859.4,361.5,-1,0,0.8,3,10
859.4,369.45,-1,0,0.8,3,10
859.4,377.4,-1,0,0.8,3,10
843.5,361.5,-1,0,0.8,3,10
843.5,369.45,-1,0,0.8,3,10
843.5,377.4,-1,0,0.8,3,10
851.45,361.5,-1,0,0.8,3,10
851.45,369.45,-1,0,0.8,3,10
851.45,377.4,-1,0,0.8,3,10
859.4,361.5,-1,0,0.8,3,10
859.4,369.45,-1,0,0.8,3,10
859.4,377.4,-1,0,0.8,3,10
844.5,361.5,-1,0,0.8,3,10
844.5,369.45,-1,0,0.8,3,10
844.5,377.4,-1,0,0.8,3,10
852.45,361.5,-1,0,0.8,3,10
852.45,369.45,-1,0,0.8,3,10
852.45,377.4,-1,0,0.8,3,10
860.4,361.5,-1,0,0.8,3,10
860.4,369.45,-1,0,0.8,3,10
860.4,377.4,-1,0,0.8,3,10
847.5,361.5,-1,0,0.8,3,10
847.5,369.45,-1,0,0.8,3,10
847.5,377.4,-1,0,0.8,3,10
855.45,361.5,-1,0,0.8,3,10
855.45,369.45,-1,0,0.8,3,10
855.45,377.4,-1,0,0.8,3,10
863.4,361.5,-1,0,0.8,3,10
863.4,369.45,-1,0,0.8,3,10
863.4,377.4,-1,0,0.8,3,10
852.5,361.5,-1,0,0.8,3,10
852.5,369.45,-1,0,0.8,3,10
852.5,377.4,-1,0,0.8,3,10
860.45,361.5,-1,0,0.8,3,10
860.45,369.45,-1,0,0.8,3,10
860.45,377.4,-1,0,0.8,3,10
868.4,361.5,-1,0,0.8,3,10
868.4,369.45,-1,0,0.8,3,10
868.4,377.4,-1,0,0.8,3,10
866.5,367.5,-1,0,0.8,3,10
866.5,375.45,-1,0,0.8,3,10
866.5,383.4,-1,0,0.8,3,10
874.45,367.5,-1,0,0.8,3,10
874.45,375.45,-1,0,0.8,3,10
874.45,383.4,-1,0,0.8,3,10
882.4,367.5,-1,0,0.8,3,10
882.4,375.45,-1,0,0.8,3,10
882.4,383.4,-1,0,0.8,3,10
865.5,367.5,-1,0,0.8,3,10
865.5,375.45,-1,0,0.8,3,10
865.5,383.4,-1,0,0.8,3,10
873.45,367.5,-1,0,0.8,3,10
873.45,375.45,-1,0,0.8,3,10
873.45,383.4,-1,0,0.8,3,10
881.4,367.5,-1,0,0.8,3,10
881.4,375.45,-1,0,0.8,3,10
881.4,383.4,-1,0,0.8,3,10
865.5,367.5,-1,0,0.8,3,10
865.5,375.45,-1,0,0.8,3,10
865.5,383.4,-1,0,0.8,3,10
873.45,367.5,-1,0,0.8,3,10
873.45,375.45,-1,0,0.8,3,10
873.45,383.4,-1,0,0.8,3,10
881.4,367.5,-1,0,0.8,3,10
881.4,375.45,-1,0,0.8,3,10
881.4,383.4,-1,0,0.8,3,10
865.5,367.5,-1,0,0.8,3,10
865.5,375.45,-1,0,0.8,3,10
865.5,383.4,-1,0,0.8,3,10
873.45,367.5,-1,0,0.8,3,10
873.45,375.45,-1,0,0.8,3,10
873.45,383.4,-1,0,0.8,3,10
881.4,367.5,-1,0,0.8,3,10
881.4,375.45,-1,0,0.8,3,10
881.4,383.4,-1,0,0.8,3,10
865.5,367.5,-1,0,0.8,3,10
865.5,375.45,-1,0,0.8,3,10
865.5,383.4,-1,0,0.8,3,10
873.45,367.5,-1,0,0.8,3,10
873.45,375.45,-1,0,0.8,3,10
873.45,383.4,-1,0,0.8,3,10
881.4,367.5,-1,0,0.8,3,10
881.4,375.45,-1,0,0.8,3,10
881.4,383.4,-1,0,0.8,3,10
806.5,371.5,-1,0,0.8,3,10
806.5,379.45,-1,0,0.8,3,10
806.5,387.4,-1,0,0.8,3,10
814.45,371.5,-1,0,0.8,3,10
814.45,379.45,-1,0,0.8,3,10
814.45,387.4,-1,0,0.8,3,10
822.4,371.5,-1,0,0.8,3,10
822.4,379.45,-1,0,0.8,3,10
822.4,387.4,-1,0,0.8,3,10
806.5,371.5,-1,0,0.8,3,10
806.5,379.45,-1,0,0.8,3,10
806.5,387.4,-1,0,0.8,3,10
814.45,371.5,-1,0,0.8,3,10
814.45,379.45,-1,0,0.8,3,10
814.45,387.4,-1,0,0.8,3,10
822.4,371.5,-1,0,0.8,3,10
822.4,379.45,-1,0,0.8,3,10
822.4,387.4,-1,0,0.8,3,10
806.5,371.5,-1,0,0.8,3,10
806.5,379.45,-1,0,0.8,3,10
806.5,387.4,-1,0,0.8,3,10
814.45,371.5,-1,0,0.8,3,10
814.45,379.45,-1,0,0.8,3,10
814.45,387.4,-1,0,0.8,3,10
822.4,371.5,-1,0,0.8,3,10
822.4,379.45,-1,0,0.8,3,10
822.4,387.4,-1,0,0.8,3,10
806.5,371.5,-1,0,0.8,3,10
806.5,379.45,-1,0,0.8,3,10
806.5,387.4,-1,0,0.8,3,10
814.45,371.5,-1,0,0.8,3,10
814.45,379.45,-1,0,0.8,3,10
814.45,387.4,-1,0,0.8,3,10
822.4,371.5,-1,0,0.8,3,10
822.4,379.45,-1,0,0.8,3,10
822.4,387.4,-1,0,0.8,3,10
805.5,372.5,-1,0,0.8,3,10
805.5,380.45,-1,0,0.8,3,10
805.5,388.4,-1,0,0.8,3,10
813.45,372.5,-1,0,0.8,3,10
813.45,380.45,-1,0,0.8,3,10
813.45,388.4,-1,0,0.8,3,10
821.4,372.5,-1,0,0.8,3,10
821.4,380.45,-1,0,0.8,3,10
821.4,388.4,-1,0,0.8,3,10
804.5,372.5,-1,0,0.8,3,10
804.5,380.45,-1,0,0.8,3,10
804.5,388.4,-1,0,0.8,3,10
812.45,372.5,-1,0,0.8,3,10
812.45,380.45,-1,0,0.8,3,10
812.45,388.4,-1,0,0.8,3,10
820.4,372.5,-1,0,0.8,3,10
820.4,380.45,-1,0,0.8,3,10
820.4,388.4,-1,0,0.8,3,10
759.5,380.5,-1,0,0.8,3,10
759.5,388.45,-1,0,0.8,3,10
759.5,396.4,-1,0,0.8,3,10
767.45,380.5,-1,0,0.8,3,10
767.45,388.45,-1,0,0.8,3,10
767.45,396.4,-1,0,0.8,3,10
775.4,380.5,-1,0,0.8,3,10
775.4,388.45,-1,0,0.8,3,10
775.4,396.4,-1,0,0.8,3,10
759.5,380.5,-1,0,0.8,3,10
759.5,388.45,-1,0,0.8,3,10
759.5,396.4,-1,0,0.8,3,10
767.45,380.5,-1,0,0.8,3,10
767.45,388.45,-1,0,0.8,3,10
767.45,396.4,-1,0,0.8,3,10
775.4,380.5,-1,0,0.8,3,10
775.4,388.45,-1,0,0.8,3,10
775.4,396.4,-1,0,0.8,3,10
759.5,380.5,-1,0,0.8,3,10
759.5,388.45,-1,0,0.8,3,10
759.5,396.4,-1,0,0.8,3,10
767.45,380.5,-1,0,0.8,3,10
767.45,388.45,-1,0,0.8,3,10
767.45,396.4,-1,0,0.8,3,10
775.4,380.5,-1,0,0.8,3,10
775.4,388.45,-1,0,0.8,3,10
775.4,396.4,-1,0,0.8,3,10
759.5,380.5,-1,0,0.8,3,10
759.5,388.45,-1,0,0.8,3,10
759.5,396.4,-1,0,0.8,3,10
767.45,380.5,-1,0,0.8,3,10
767.45,388.45,-1,0,0.8,3,10
767.45,396.4,-1,0,0.8,3,10
775.4,380.5,-1,0,0.8,3,10
775.4,388.45,-1,0,0.8,3,10
775.4,396.4,-1,0,0.8,3,10
759.5,379.5,-1,0,0.8,3,10
759.5,387.45,-1,0,0.8,3,10
759.5,395.4,-1,0,0.8,3,10
767.45,379.5,-1,0,0.8,3,10
767.45,387.45,-1,0,0.8,3,10
767.45,395.4,-1,0,0.8,3,10
775.4,379.5,-1,0,0.8,3,10
775.4,387.45,-1,0,0.8,3,10
775.4,395.4,-1,0,0.8,3,10
759.5,378.5,-1,0,0.8,3,10
759.5,386.45,-1,0,0.8,3,10
759.5,394.4,-1,0,0.8,3,10
767.45,378.5,-1,0,0.8,3,10
767.45,386.45,-1,0,0.8,3,10
767.45,394.4,-1,0,0.8,3,10
775.4,378.5,-1,0,0.8,3,10
775.4,386.45,-1,0,0.8,3,10
775.4,394.4,-1,0,0.8,3,10
761.5,376.5,-1,0,0.8,3,10
761.5,384.45,-1,0,0.8,3,10
761.5,392.4,-1,0,0.8,3,10
769.45,376.5,-1,0,0.8,3,10
769.45,384.45,-1,0,0.8,3,10
769.45,392.4,-1,0,0.8,3,10
777.4,376.5,-1,0,0.8,3,10
777.4,384.45,-1,0,0.8,3,10
777.4,392.4,-1,0,0.8,3,10
774.5,345.5,-1,0,0.8,3,10
774.5,353.45,-1,0,0.8,3,10
774.5,361.4,-1,0,0.8,3,10
782.45,345.5,-1,0,0.8,3,10
782.45,353.45,-1,0,0.8,3,10
782.45,361.4,-1,0,0.8,3,10
790.4,345.5,-1,0,0.8,3,10
790.4,353.45,-1,0,0.8,3,10
790.4,361.4,-1,0,0.8,3,10
774.5,345.5,-1,0,0.8,3,10
774.5,353.45,-1,0,0.8,3,10
774.5,361.4,-1,0,0.8,3,10
782.45,345.5,-1,0,0.8,3,10
782.45,353.45,-1,0,0.8,3,10
782.45,361.4,-1,0,0.8,3,10
790.4,345.5,-1,0,0.8,3,10
790.4,353.45,-1,0,0.8,3,10
790.4,361.4,-1,0,0.8,3,10
774.5,345.5,-1,0,0.8,3,10
774.5,353.45,-1,0,0.8,3,10
774.5,361.4,-1,0,0.8,3,10
782.45,345.5,-1,0,0.8,3,10
782.45,353.45,-1,0,0.8,3,10
782.45,361.4,-1,0,0.8,3,10
790.4,345.5,-1,0,0.8,3,10
790.4,353.45,-1,0,0.8,3,10
790.4,361.4,-1,0,0.8,3,10
774.5,345.5,-1,0,0.8,3,10
774.5,353.45,-1,0,0.8,3,10
774.5,361.4,-1,0,0.8,3,10
782.45,345.5,-1,0,0.8,3,10
782.45,353.45,-1,0,0.8,3,10
782.45,361.4,-1,0,0.8,3,10
790.4,345.5,-1,0,0.8,3,10
790.4,353.45,-1,0,0.8,3,10
790.4,361.4,-1,0,0.8,3,10
774.5,345.5,-1,0,0.8,3,10
774.5,353.45,-1,0,0.8,3,10
774.5,361.4,-1,0,0.8,3,10
782.45,345.5,-1,0,0.8,3,10
782.45,353.45,-1,0,0.8,3,10
782.45,361.4,-1,0,0.8,3,10
790.4,345.5,-1,0,0.8,3,10
790.4,353.45,-1,0,0.8,3,10
790.4,361.4,-1,0,0.8,3,10
320.5,325.5,-1,0,1,1,10
320.5,332.45,-1,0,1,1,10
320.5,339.4,-1,0,1,1,10
327.45,325.5,-1,0,1,1,10
327.45,332.45,-1,0,1,1,10
327.45,339.4,-1,0,1,1,10
334.4,325.5,-1,0,1,1,10
334.4,332.45,-1,0,1,1,10
334.4,339.4,-1,0,1,1,10
320.5,325.5,-1,0,1,1,10
320.5,332.45,-1,0,1,1,10
320.5,339.4,-1,0,1,1,10
327.45,325.5,-1,0,1,1,10
327.45,332.45,-1,0,1,1,10
327.45,339.4,-1,0,1,1,10
334.4,325.5,-1,0,1,1,10
334.4,332.45,-1,0,1,1,10
334.4,339.4,-1,0,1,1,10
320.5,325.5,-1,0,1,1,10
320.5,332.45,-1,0,1,1,10
320.5,339.4,-1,0,1,1,10
327.45,325.5,-1,0,1,1,10
327.45,332.45,-1,0,1,1,10
327.45,339.4,-1,0,1,1,10
334.4,325.5,-1,0,1,1,10
334.4,332.45,-1,0,1,1,10
334.4,339.4,-1,0,1,1,10
320.5,325.5,-1,0,1,1,10
320.5,332.45,-1,0,1,1,10
320.5,339.4,-1,0,1,1,10
327.45,325.5,-1,0,1,1,10
327.45,332.45,-1,0,1,1,10
327.45,339.4,-1,0,1,1,10
334.4,325.5,-1,0,1,1,10
334.4,332.45,-1,0,1,1,10
334.4,339.4,-1,0,1,1,10
320.5,325.5,-1,0,1,1,10
320.5,332.45,-1,0,1,1,10
320.5,339.4,-1,0,1,1,10
327.45,325.5,-1,0,1,1,10
327.45,332.45,-1,0,1,1,10
327.45,339.4,-1,0,1,1,10
334.4,325.5,-1,0,1,1,10
334.4,332.45,-1,0,1,1,10
334.4,339.4,-1,0,1,1,10
285.5,326.5,-1,0,1,1,10
285.5,333.45,-1,0,1,1,10
285.5,340.4,-1,0,1,1,10
292.45,326.5,-1,0,1,1,10
292.45,333.45,-1,0,1,1,10
292.45,340.4,-1,0,1,1,10
299.4,326.5,-1,0,1,1,10
299.4,333.45,-1,0,1,1,10
299.4,340.4,-1,0,1,1,10
285.5,326.5,-1,0,1,1,10
285.5,333.45,-1,0,1,1,10
285.5,340.4,-1,0,1,1,10
292.45,326.5,-1,0,1,1,10
292.45,333.45,-1,0,1,1,10
292.45,340.4,-1,0,1,1,10
299.4,326.5,-1,0,1,1,10
299.4,333.45,-1,0,1,1,10
299.4,340.4,-1,0,1,1,10
285.5,326.5,-1,0,1,1,10
285.5,333.45,-1,0,1,1,10
285.5,340.4,-1,0,1,1,10
292.45,326.5,-1,0,1,1,10
292.45,333.45,-1,0,1,1,10
292.45,340.4,-1,0,1,1,10
299.4,326.5,-1,0,1,1,10
299.4,333.45,-1,0,1,1,10
299.4,340.4,-1,0,1,1,10
285.5,326.5,-1,0,1,1,10
285.5,333.45,-1,0,1,1,10
285.5,340.4,-1,0,1,1,10
292.45,326.5,-1,0,1,1,10
292.45,333.45,-1,0,1,1,10
292.45,340.4,-1,0,1,1,10
299.4,326.5,-1,0,1,1,10
299.4,333.45,-1,0,1,1,10
299.4,340.4,-1,0,1,1,10
285.5,326.5,-1,0,1,1,10
285.5,333.45,-1,0,1,1,10
285.5,340.4,-1,0,1,1,10
292.45,326.5,-1,0,1,1,10
292.45,333.45,-1,0,1,1,10
292.45,340.4,-1,0,1,1,10
299.4,326.5,-1,0,1,1,10
299.4,333.45,-1,0,1,1,10
299.4,340.4,-1,0,1,1,10
285.5,326.5,-1,0,1,1,10
285.5,333.45,-1,0,1,1,10
285.5,340.4,-1,0,1,1,10
292.45,326.5,-1,0,1,1,10
292.45,333.45,-1,0,1,1,10
292.45,340.4,-1,0,1,1,10
299.4,326.5,-1,0,1,1,10
299.4,333.45,-1,0,1,1,10
299.4,340.4,-1,0,1,1,10
248.5,323.5,-1,0,1,1,10
248.5,330.45,-1,0,1,1,10
248.5,337.4,-1,0,1,1,10
255.45,323.5,-1,0,1,1,10
255.45,330.45,-1,0,1,1,10
255.45,337.4,-1,0,1,1,10
262.4,323.5,-1,0,1,1,10
262.4,330.45,-1,0,1,1,10
262.4,337.4,-1,0,1,1,10
248.5,323.5,-1,0,1,1,10
248.5,330.45,-1,0,1,1,10
248.5,337.4,-1,0,1,1,10
255.45,323.5,-1,0,1,1,10
255.45,330.45,-1,0,1,1,10
255.45,337.4,-1,0,1,1,10
262.4,323.5,-1,0,1,1,10
262.4,330.45,-1,0,1,1,10
262.4,337.4,-1,0,1,1,10
248.5,323.5,-1,0,1,1,10
248.5,330.45,-1,0,1,1,10
248.5,337.4,-1,0,1,1,10
255.45,323.5,-1,0,1,1,10
255.45,330.45,-1,0,1,1,10
255.45,337.4,-1,0,1,1,10
262.4,323.5,-1,0,1,1,10
262.4,330.45,-1,0,1,1,10
262.4,337.4,-1,0,1,1,10
248.5,323.5,-1,0,1,1,10
248.5,330.45,-1,0,1,1,10
248.5,337.4,-1,0,1,1,10
255.45,323.5,-1,0,1,1,10
255.45,330.45,-1,0,1,1,10
255.45,337.4,-1,0,1,1,10
262.4,323.5,-1,0,1,1,10
262.4,330.45,-1,0,1,1,10
262.4,337.4,-1,0,1,1,10
248.5,323.5,-1,0,1,1,10
248.5,330.45,-1,0,1,1,10
248.5,337.4,-1,0,1,1,10
255.45,323.5,-1,0,1,1,10
255.45,330.45,-1,0,1,1,10
255.45,337.4,-1,0,1,1,10
262.4,323.5,-1,0,1,1,10
262.4,330.45,-1,0,1,1,10
262.4,337.4,-1,0,1,1,10
248.5,323.5,-1,0,1,1,10
248.5,330.45,-1,0,1,1,10
248.5,337.4,-1,0,1,1,10
255.45,323.5,-1,0,1,1,10
255.45,330.45,-1,0,1,1,10
255.45,337.4,-1,0,1,1,10
262.4,323.5,-1,0,1,1,10
262.4,330.45,-1,0,1,1,10
262.4,337.4,-1,0,1,1,10
286.5,293.5,-1,0,1,1,10
286.5,300.45,-1,0,1,1,10
286.5,307.4,-1,0,1,1,10
293.45,293.5,-1,0,1,1,10
293.45,300.45,-1,0,1,1,10
293.45,307.4,-1,0,1,1,10
300.4,293.5,-1,0,1,1,10
300.4,300.45,-1,0,1,1,10
300.4,307.4,-1,0,1,1,10
287.5,293.5,-1,0,1,1,10
287.5,300.45,-1,0,1,1,10
287.5,307.4,-1,0,1,1,10
294.45,293.5,-1,0,1,1,10
294.45,300.45,-1,0,1,1,10
294.45,307.4,-1,0,1,1,10
301.4,293.5,-1,0,1,1,10
301.4,300.45,-1,0,1,1,10
301.4,307.4,-1,0,1,1,10
288.5,292.5,-1,0,1,1,10
288.5,299.45,-1,0,1,1,10
288.5,306.4,-1,0,1,1,10
295.45,292.5,-1,0,1,1,10
295.45,299.45,-1,0,1,1,10
295.45,306.4,-1,0,1,1,10
302.4,292.5,-1,0,1,1,10
302.4,299.45,-1,0,1,1,10
302.4,306.4,-1,0,1,1,10
288.5,292.5,-1,0,1,1,10
288.5,299.45,-1,0,1,1,10
288.5,306.4,-1,0,1,1,10
295.45,292.5,-1,0,1,1,10
295.45,299.45,-1,0,1,1,10
295.45,306.4,-1,0,1,1,10
302.4,292.5,-1,0,1,1,10
302.4,299.45,-1,0,1,1,10
302.4,306.4,-1,0,1,1,10
288.5,292.5,-1,0,1,1,10
288.5,299.45,-1,0,1,1,10
288.5,306.4,-1,0,1,1,10
295.45,292.5,-1,0,1,1,10
295.45,299.45,-1,0,1,1,10
295.45,306.4,-1,0,1,1,10
302.4,292.5,-1,0,1,1,10
302.4,299.45,-1,0,1,1,10
302.4,306.4,-1,0,1,1,10
317.5,288.5,-1,0,1,1,10
317.5,295.45,-1,0,1,1,10
317.5,302.4,-1,0,1,1,10
324.45,288.5,-1,0,1,1,10
324.45,295.45,-1,0,1,1,10
324.45,302.4,-1,0,1,1,10
331.4,288.5,-1,0,1,1,10
331.4,295.45,-1,0,1,1,10
331.4,302.4,-1,0,1,1,10
318.5,287.5,-1,0,1,1,10
318.5,294.45,-1,0,1,1,10
318.5,301.4,-1,0,1,1,10
325.45,287.5,-1,0,1,1,10
325.45,294.45,-1,0,1,1,10
325.45,301.4,-1,0,1,1,10
332.4,287.5,-1,0,1,1,10
332.4,294.45,-1,0,1,1,10
332.4,301.4,-1,0,1,1,10
318.5,287.5,-1,0,1,1,10
318.5,294.45,-1,0,1,1,10
318.5,301.4,-1,0,1,1,10
325.45,287.5,-1,0,1,1,10
325.45,294.45,-1,0,1,1,10
325.45,301.4,-1,0,1,1,10
332.4,287.5,-1,0,1,1,10
332.4,294.45,-1,0,1,1,10
332.4,301.4,-1,0,1,1,10
318.5,287.5,-1,0,1,1,10
318.5,294.45,-1,0,1,1,10
318.5,301.4,-1,0,1,1,10
325.45,287.5,-1,0,1,1,10
325.45,294.45,-1,0,1,1,10
325.45,301.4,-1,0,1,1,10
332.4,287.5,-1,0,1,1,10
332.4,294.45,-1,0,1,1,10
332.4,301.4,-1,0,1,1,10
318.5,287.5,-1,0,1,1,10
318.5,294.45,-1,0,1,1,10
318.5,301.4,-1,0,1,1,10
325.45,287.5,-1,0,1,1,10
325.45,294.45,-1,0,1,1,10
325.45,301.4,-1,0,1,1,10
332.4,287.5,-1,0,1,1,10
332.4,294.45,-1,0,1,1,10
332.4,301.4,-1,0,1,1,10
318.5,287.5,-1,0,1,1,10
318.5,294.45,-1,0,1,1,10
318.5,301.4,-1,0,1,1,10
325.45,287.5,-1,0,1,1,10
325.45,294.45,-1,0,1,1,10
325.45,301.4,-1,0,1,1,10
332.4,287.5,-1,0,1,1,10
332.4,294.45,-1,0,1,1,10
332.4,301.4,-1,0,1,1,10
318.5,287.5,-1,0,1,1,10
318.5,294.45,-1,0,1,1,10
318.5,301.4,-1,0,1,1,10
325.45,287.5,-1,0,1,1,10
325.45,294.45,-1,0,1,1,10
325.45,301.4,-1,0,1,1,10
332.4,287.5,-1,0,1,1,10
332.4,294.45,-1,0,1,1,10
332.4,301.4,-1,0,1,1,10
318.5,287.5,-1,0,1,1,10
318.5,294.45,-1,0,1,1,10
318.5,301.4,-1,0,1,1,10
325.45,287.5,-1,0,1,1,10
325.45,294.45,-1,0,1,1,10
325.45,301.4,-1,0,1,1,10
332.4,287.5,-1,0,1,1,10
332.4,294.45,-1,0,1,1,10
332.4,301.4,-1,0,1,1,10
252.5,287.5,-1,0,1,1,10
252.5,294.45,-1,0,1,1,10
252.5,301.4,-1,0,1,1,10
259.45,287.5,-1,0,1,1,10
259.45,294.45,-1,0,1,1,10
259.45,301.4,-1,0,1,1,10
266.4,287.5,-1,0,1,1,10
266.4,294.45,-1,0,1,1,10
266.4,301.4,-1,0,1,1,10
252.5,287.5,-1,0,1,1,10
252.5,294.45,-1,0,1,1,10
252.5,301.4,-1,0,1,1,10
259.45,287.5,-1,0,1,1,10
259.45,294.45,-1,0,1,1,10
259.45,301.4,-1,0,1,1,10
266.4,287.5,-1,0,1,1,10
266.4,294.45,-1,0,1,1,10
266.4,301.4,-1,0,1,1,10
252.5,287.5,-1,0,1,1,10
252.5,294.45,-1,0,1,1,10
252.5,301.4,-1,0,1,1,10
259.45,287.5,-1,0,1,1,10
259.45,294.45,-1,0,1,1,10
259.45,301.4,-1,0,1,1,10
266.4,287.5,-1,0,1,1,10
266.4,294.45,-1,0,1,1,10
266.4,301.4,-1,0,1,1,10
252.5,287.5,-1,0,1,1,10
252.5,294.45,-1,0,1,1,10
252.5,301.4,-1,0,1,1,10
259.45,287.5,-1,0,1,1,10
259.45,294.45,-1,0,1,1,10
259.45,301.4,-1,0,1,1,10
266.4,287.5,-1,0,1,1,10
266.4,294.45,-1,0,1,1,10
266.4,301.4,-1,0,1,1,10
252.5,287.5,-1,0,1,1,10
252.5,294.45,-1,0,1,1,10
252.5,301.4,-1,0,1,1,10
259.45,287.5,-1,0,1,1,10
259.45,294.45,-1,0,1,1,10
259.45,301.4,-1,0,1,1,10
266.4,287.5,-1,0,1,1,10
266.4,294.45,-1,0,1,1,10
266.4,301.4,-1,0,1,1,10
252.5,288.5,-1,0,1,1,10
252.5,295.45,-1,0,1,1,10
252.5,302.4,-1,0,1,1,10
259.45,288.5,-1,0,1,1,10
259.45,295.45,-1,0,1,1,10
259.45,302.4,-1,0,1,1,10
266.4,288.5,-1,0,1,1,10
266.4,295.45,-1,0,1,1,10
266.4,302.4,-1,0,1,1,10
212.5,284.5,-1,0,1,1,10
212.5,291.45,-1,0,1,1,10
212.5,298.4,-1,0,1,1,10
219.45,284.5,-1,0,1,1,10
219.45,291.45,-1,0,1,1,10
219.45,298.4,-1,0,1,1,10
226.4,284.5,-1,0,1,1,10
226.4,291.45,-1,0,1,1,10
226.4,298.4,-1,0,1,1,10
212.5,284.5,-1,0,1,1,10
212.5,291.45,-1,0,1,1,10
212.5,298.4,-1,0,1,1,10
219.45,284.5,-1,0,1,1,10
219.45,291.45,-1,0,1,1,10
219.45,298.4,-1,0,1,1,10
226.4,284.5,-1,0,1,1,10
226.4,291.45,-1,0,1,1,10
226.4,298.4,-1,0,1,1,10
212.5,284.5,-1,0,1,1,10
212.5,291.45,-1,0,1,1,10
212.5,298.4,-1,0,1,1,10
219.45,284.5,-1,0,1,1,10
219.45,291.45,-1,0,1,1,10
219.45,298.4,-1,0,1,1,10
226.4,284.5,-1,0,1,1,10
226.4,291.45,-1,0,1,1,10
226.4,298.4,-1,0,1,1,10
212.5,284.5,-1,0,1,1,10
212.5,291.45,-1,0,1,1,10
212.5,298.4,-1,0,1,1,10
219.45,284.5,-1,0,1,1,10
219.45,291.45,-1,0,1,1,10
219.45,298.4,-1,0,1,1,10
226.4,284.5,-1,0,1,1,10
226.4,291.45,-1,0,1,1,10
226.4,298.4,-1,0,1,1,10
212.5,284.5,-1,0,1,1,10
212.5,291.45,-1,0,1,1,10
212.5,298.4,-1,0,1,1,10
219.45,284.5,-1,0,1,1,10
219.45,291.45,-1,0,1,1,10
219.45,298.4,-1,0,1,1,10
226.4,284.5,-1,0,1,1,10
226.4,291.45,-1,0,1,1,10
226.4,298.4,-1,0,1,1,10
156.5,275.5,-1,0,1,1,10
156.5,282.45,-1,0,1,1,10
156.5,289.4,-1,0,1,1,10
163.45,275.5,-1,0,1,1,10
163.45,282.45,-1,0,1,1,10
163.45,289.4,-1,0,1,1,10
170.4,275.5,-1,0,1,1,10
170.4,282.45,-1,0,1,1,10
170.4,289.4,-1,0,1,1,10
156.5,275.5,-1,0,1,1,10
156.5,282.45,-1,0,1,1,10
156.5,289.4,-1,0,1,1,10
163.45,275.5,-1,0,1,1,10
163.45,282.45,-1,0,1,1,10
163.45,289.4,-1,0,1,1,10
170.4,275.5,-1,0,1,1,10
170.4,282.45,-1,0,1,1,10
170.4,289.4,-1,0,1,1,10
156.5,275.5,-1,0,1,1,10
156.5,282.45,-1,0,1,1,10
156.5,289.4,-1,0,1,1,10
163.45,275.5,-1,0,1,1,10
163.45,282.45,-1,0,1,1,10
163.45,289.4,-1,0,1,1,10
170.4,275.5,-1,0,1,1,10
170.4,282.45,-1,0,1,1,10
170.4,289.4,-1,0,1,1,10
156.5,275.5,-1,0,1,1,10
156.5,282.45,-1,0,1,1,10
156.5,289.4,-1,0,1,1,10
163.45,275.5,-1,0,1,1,10
163.45,282.45,-1,0,1,1,10
163.45,289.4,-1,0,1,1,10
170.4,275.5,-1,0,1,1,10
170.4,282.45,-1,0,1,1,10
170.4,289.4,-1,0,1,1,10
156.5,275.5,-1,0,1,1,10
156.5,282.45,-1,0,1,1,10
156.5,289.4,-1,0,1,1,10
163.45,275.5,-1,0,1,1,10
163.45,282.45,-1,0,1,1,10
163.45,289.4,-1,0,1,1,10
170.4,275.5,-1,0,1,1,10
170.4,282.45,-1,0,1,1,10
170.4,289.4,-1,0,1,1,10
176.5,286.5,-1,0,1,1,10
176.5,293.45,-1,0,1,1,10
176.5,300.4,-1,0,1,1,10
183.45,286.5,-1,0,1,1,10
183.45,293.45,-1,0,1,1,10
183.45,300.4,-1,0,1,1,10
190.4,286.5,-1,0,1,1,10
190.4,293.45,-1,0,1,1,10
190.4,300.4,-1,0,1,1,10
176.5,286.5,-1,0,1,1,10
176.5,293.45,-1,0,1,1,10
176.5,300.4,-1,0,1,1,10
183.45,286.5,-1,0,1,1,10
183.45,293.45,-1,0,1,1,10
183.45,300.4,-1,0,1,1,10
190.4,286.5,-1,0,1,1,10
190.4,293.45,-1,0,1,1,10
190.4,300.4,-1,0,1,1,10
176.5,286.5,-1,0,1,1,10
176.5,293.45,-1,0,1,1,10
176.5,300.4,-1,0,1,1,10
183.45,286.5,-1,0,1,1,10
183.45,293.45,-1,0,1,1,10
183.45,300.4,-1,0,1,1,10
190.4,286.5,-1,0,1,1,10
190.4,293.45,-1,0,1,1,10
190.4,300.4,-1,0,1,1,10
176.5,286.5,-1,0,1,1,10
176.5,293.45,-1,0,1,1,10
176.5,300.4,-1,0,1,1,10
183.45,286.5,-1,0,1,1,10
183.45,293.45,-1,0,1,1,10
183.45,300.4,-1,0,1,1,10
190.4,286.5,-1,0,1,1,10
190.4,293.45,-1,0,1,1,10
190.4,300.4,-1,0,1,1,10
176.5,286.5,-1,0,1,1,10
176.5,293.45,-1,0,1,1,10
176.5,300.4,-1,0,1,1,10
183.45,286.5,-1,0,1,1,10
183.45,293.45,-1,0,1,1,10
183.45,300.4,-1,0,1,1,10
190.4,286.5,-1,0,1,1,10
190.4,293.45,-1,0,1,1,10
190.4,300.4,-1,0,1,1,10
146.5,291.5,-1,0,1,1,10
146.5,298.45,-1,0,1,1,10
146.5,305.4,-1,0,1,1,10
153.45,291.5,-1,0,1,1,10
153.45,298.45,-1,0,1,1,10
153.45,305.4,-1,0,1,1,10
160.4,291.5,-1,0,1,1,10
160.4,298.45,-1,0,1,1,10
160.4,305.4,-1,0,1,1,10
146.5,291.5,-1,0,1,1,10
146.5,298.45,-1,0,1,1,10
146.5,305.4,-1,0,1,1,10
153.45,291.5,-1,0,1,1,10
153.45,298.45,-1,0,1,1,10
153.45,305.4,-1,0,1,1,10
160.4,291.5,-1,0,1,1,10
160.4,298.45,-1,0,1,1,10
160.4,305.4,-1,0,1,1,10
146.5,291.5,-1,0,1,1,10
146.5,298.45,-1,0,1,1,10
146.5,305.4,-1,0,1,1,10
153.45,291.5,-1,0,1,1,10
153.45,298.45,-1,0,1,1,10
153.45,305.4,-1,0,1,1,10
160.4,291.5,-1,0,1,1,10
160.4,298.45,-1,0,1,1,10
160.4,305.4,-1,0,1,1,10
146.5,291.5,-1,0,1,1,10
146.5,298.45,-1,0,1,1,10
146.5,305.4,-1,0,1,1,10
153.45,291.5,-1,0,1,1,10
153.45,298.45,-1,0,1,1,10
153.45,305.4,-1,0,1,1,10
160.4,291.5,-1,0,1,1,10
160.4,298.45,-1,0,1,1,10
160.4,305.4,-1,0,1,1,10
126,304,-1,0,0.1,2,10
126,304,-1,0,0.1,2,10
126,304,-1,0,0.1,2,10
126,303,-1,0,0.1,2,10
126,300,-1,0,0.1,2,10
127,296,-1,0,0.1,2,10
128,292,-1,0,0.1,2,10
129,287,-1,0,0.1,2,10
130,283,-1,0,0.1,2,10
130,280,-1,0,0.1,2,10
131,276,-1,0,0.1,2,10
131,273,-1,0,0.1,2,10
132,270,-1,0,0.1,2,10
134,267,-1,0,0.1,2,10
135,265,-1,0,0.1,2,10
136,263,-1,0,0.1,2,10
137,260,-1,0,0.1,2,10
138,257,-1,0,0.1,2,10
140,253,-1,0,0.1,2,10
142,250,-1,0,0.1,2,10
144,247,-1,0,0.1,2,10
147,244,-1,0,0.1,2,10
149,241,-1,0,0.1,2,10
151,239,-1,0,0.1,2,10
155,235,-1,0,0.1,2,10
160,232,-1,0,0.1,2,10
165,228,-1,0,0.1,2,10
170,225,-1,0,0.1,2,10
174,223,-1,0,0.1,2,10
179,220,-1,0,0.1,2,10
183,218,-1,0,0.1,2,10
187,216,-1,0,0.1,2,10
190,215,-1,0,0.1,2,10
193,213,-1,0,0.1,2,10
197,212,-1,0,0.1,2,10
201,210,-1,0,0.1,2,10
205,209,-1,0,0.1,2,10
212,208,-1,0,0.1,2,10
220,208,-1,0,0.1,2,10
228,207,-1,0,0.1,2,10
236,206,-1,0,0.1,2,10
244,206,-1,0,0.1,2,10
251,206,-1,0,0.1,2,10
257,206,-1,0,0.1,2,10
263,206,-1,0,0.1,2,10
272,206,-1,0,0.1,2,10
282,207,-1,0,0.1,2,10
287,207,-1,0,0.1,2,10
291,208,-1,0,0.1,2,10
292,208,-1,0,0.1,2,10
294,209,-1,0,0.1,2,10
298,210,-1,0,0.1,2,10
302,211,-1,0,0.1,2,10
303,211,-1,0,0.1,2,10
304,212,-1,0,0.1,2,10
306,214,-1,0,0.1,2,10
309,215,-1,0,0.1,2,10
312,217,-1,0,0.1,2,10
314,219,-1,0,0.1,2,10
316,221,-1,0,0.1,2,10
319,223,-1,0,0.1,2,10
322,225,-1,0,0.1,2,10
325,227,-1,0,0.1,2,10
327,229,-1,0,0.1,2,10
329,231,-1,0,0.1,2,10
331,233,-1,0,0.1,2,10
333,235,-1,0,0.1,2,10
335,236,-1,0,0.1,2,10
336,237,-1,0,0.1,2,10
339,240,-1,0,0.1,2,10
342,243,-1,0,0.1,2,10
345,247,-1,0,0.1,2,10
347,249,-1,0,0.1,2,10
349,252,-1,0,0.1,2,10
350,255,-1,0,0.1,2,10
350,257,-1,0,0.1,2,10
351,260,-1,0,0.1,2,10
351,263,-1,0,0.1,2,10
352,266,-1,0,0.1,2,10
352,269,-1,0,0.1,2,10
352,272,-1,0,0.1,2,10
353,273,-1,0,0.1,2,10
353,275,-1,0,0.1,2,10
353,275,-1,0,0.1,2,10
353,275,-1,0,0.1,2,10
353,275,-1,0,0.1,2,10
353,276,-1,0,0.1,2,10
353,276,-1,0,0.1,2,10
353,276,-1,0,0.1,2,10
353,276,-1,0,0.1,2,10
353,276,-1,0,0.1,2,10
601,272,-1,0,0.1,2,10
602,272,-1,0,0.1,2,10
602,272,-1,0,0.1,2,10
602,271,-1,0,0.1,2,10
603,269,-1,0,0.1,2,10
604,267,-1,0,0.1,2,10
604,265,-1,0,0.1,2,10
606,262,-1,0,0.1,2,10
607,259,-1,0,0.1,2,10
609,255,-1,0,0.1,2,10
611,252,-1,0,0.1,2,10
614,249,-1,0,0.1,2,10
617,246,-1,0,0.1,2,10
619,243,-1,0,0.1,2,10
623,240,-1,0,0.1,2,10
628,236,-1,0,0.1,2,10
637,232,-1,0,0.1,2,10
647,227,-1,0,0.1,2,10
658,223,-1,0,0.1,2,10
668,220,-1,0,0.1,2,10
678,217,-1,0,0.1,2,10
689,215,-1,0,0.1,2,10
703,212,-1,0,0.1,2,10
714,210,-1,0,0.1,2,10
723,208,-1,0,0.1,2,10
728,207,-1,0,0.1,2,10
734,206,-1,0,0.1,2,10
745,205,-1,0,0.1,2,10
755,204,-1,0,0.1,2,10
766,203,-1,0,0.1,2,10
776,202,-1,0,0.1,2,10
787,201,-1,0,0.1,2,10
798,201,-1,0,0.1,2,10
812,201,-1,0,0.1,2,10
827,201,-1,0,0.1,2,10
841,201,-1,0,0.1,2,10
855,201,-1,0,0.1,2,10
868,201,-1,0,0.1,2,10
881,201,-1,0,0.1,2,10
892,203,-1,0,0.1,2,10
903,205,-1,0,0.1,2,10
912,207,-1,0,0.1,2,10
919,210,-1,0,0.1,2,10
927,213,-1,0,0.1,2,10
935,218,-1,0,0.1,2,10
942,223,-1,0,0.1,2,10
948,227,-1,0,0.1,2,10
952,232,-1,0,0.1,2,10
955,236,-1,0,0.1,2,10
960,241,-1,0,0.1,2,10
964,245,-1,0,0.1,2,10
967,249,-1,0,0.1,2,10
968,251,-1,0,0.1,2,10
971,255,-1,0,0.1,2,10
974,259,-1,0,0.1,2,10
977,263,-1,0,0.1,2,10
980,267,-1,0,0.1,2,10
982,270,-1,0,0.1,2,10
983,273,-1,0,0.1,2,10
986,277,-1,0,0.1,2,10
988,281,-1,0,0.1,2,10
990,286,-1,0,0.1,2,10
992,289,-1,0,0.1,2,10
994,293,-1,0,0.1,2,10
995,296,-1,0,0.1,2,10
996,298,-1,0,0.1,2,10
998,302,-1,0,0.1,2,10
999,305,-1,0,0.1,2,10
999,308,-1,0,0.1,2,10
1000,310,-1,0,0.1,2,10
1000,312,-1,0,0.1,2,10
1000,314,-1,0,0.1,2,10
1000,317,-1,0,0.1,2,10
1000,318,-1,0,0.1,2,10
1000,320,-1,0,0.1,2,10
1000,321,-1,0,0.1,2,10
1000,323,-1,0,0.1,2,10
1000,324,-1,0,0.1,2,10
1000,324,-1,0,0.1,2,10
1000,324,-1,0,0.1,2,10
1000,324,-1,0,0.1,2,10
1000,324,-1,0,0.1,2,10
1000,324,-1,0,0.1,2,10
365,377,-1,0,0.1,2,10
366,377,-1,0,0.1,2,10
366,377,-1,0,0.1,2,10
367,378,-1,0,0.1,2,10
368,379,-1,0,0.1,2,10
370,380,-1,0,0.1,2,10
373,382,-1,0,0.1,2,10
375,383,-1,0,0.1,2,10
378,385,-1,0,0.1,2,10
381,387,-1,0,0.1,2,10
383,389,-1,0,0.1,2,10
385,390,-1,0,0.1,2,10
387,391,-1,0,0.1,2,10
389,392,-1,0,0.1,2,10
389,393,-1,0,0.1,2,10
390,394,-1,0,0.1,2,10
390,394,-1,0,0.1,2,10
391,395,-1,0,0.1,2,10
392,395,-1,0,0.1,2,10
393,397,-1,0,0.1,2,10
395,398,-1,0,0.1,2,10
396,399,-1,0,0.1,2,10
398,401,-1,0,0.1,2,10
401,403,-1,0,0.1,2,10
403,405,-1,0,0.1,2,10
405,407,-1,0,0.1,2,10
407,409,-1,0,0.1,2,10
409,411,-1,0,0.1,2,10
411,412,-1,0,0.1,2,10
412,414,-1,0,0.1,2,10
413,415,-1,0,0.1,2,10
414,416,-1,0,0.1,2,10
416,418,-1,0,0.1,2,10
418,420,-1,0,0.1,2,10
420,421,-1,0,0.1,2,10
422,424,-1,0,0.1,2,10
424,425,-1,0,0.1,2,10
425,427,-1,0,0.1,2,10
427,428,-1,0,0.1,2,10
429,430,-1,0,0.1,2,10
430,431,-1,0,0.1,2,10
431,432,-1,0,0.1,2,10
433,433,-1,0,0.1,2,10
434,435,-1,0,0.1,2,10
436,436,-1,0,0.1,2,10
437,437,-1,0,0.1,2,10
439,438,-1,0,0.1,2,10
440,439,-1,0,0.1,2,10
441,440,-1,0,0.1,2,10
443,441,-1,0,0.1,2,10
444,442,-1,0,0.1,2,10
445,443,-1,0,0.1,2,10
446,443,-1,0,0.1,2,10
447,444,-1,0,0.1,2,10
447,444,-1,0,0.1,2,10
448,445,-1,0,0.1,2,10
448,445,-1,0,0.1,2,10
449,446,-1,0,0.1,2,10
449,446,-1,0,0.1,2,10
451,447,-1,0,0.1,2,10
452,449,-1,0,0.1,2,10
454,450,-1,0,0.1,2,10
455,451,-1,0,0.1,2,10
456,452,-1,0,0.1,2,10
457,453,-1,0,0.1,2,10
458,454,-1,0,0.1,2,10
459,455,-1,0,0.1,2,10
460,455,-1,0,0.1,2,10
461,456,-1,0,0.1,2,10
462,457,-1,0,0.1,2,10
463,458,-1,0,0.1,2,10
464,459,-1,0,0.1,2,10
465,460,-1,0,0.1,2,10
466,461,-1,0,0.1,2,10
467,462,-1,0,0.1,2,10
468,463,-1,0,0.1,2,10
469,463,-1,0,0.1,2,10
470,464,-1,0,0.1,2,10
471,465,-1,0,0.1,2,10
471,465,-1,0,0.1,2,10
472,466,-1,0,0.1,2,10
473,466,-1,0,0.1,2,10
473,467,-1,0,0.1,2,10
474,467,-1,0,0.1,2,10
474,467,-1,0,0.1,2,10
475,468,-1,0,0.1,2,10
475,468,-1,0,0.1,2,10
475,468,-1,0,0.1,2,10
475,468,-1,0,0.1,2,10
475,468,-1,0,0.1,2,10
475,468,-1,0,0.1,2,10
475,468,-1,0,0.1,2,10
475,468,-1,0,0.1,2,10
731,399,-1,0,0.1,2,10
731,399,-1,0,0.1,2,10
731,399,-1,0,0.1,2,10
730,399,-1,0,0.1,2,10
729,400,-1,0,0.1,2,10
728,402,-1,0,0.1,2,10
726,403,-1,0,0.1,2,10
724,405,-1,0,0.1,2,10
722,407,-1,0,0.1,2,10
721,409,-1,0,0.1,2,10
719,411,-1,0,0.1,2,10
718,412,-1,0,0.1,2,10
716,414,-1,0,0.1,2,10
713,417,-1,0,0.1,2,10
711,419,-1,0,0.1,2,10
709,422,-1,0,0.1,2,10
707,424,-1,0,0.1,2,10
705,426,-1,0,0.1,2,10
702,429,-1,0,0.1,2,10
700,431,-1,0,0.1,2,10
699,432,-1,0,0.1,2,10
697,434,-1,0,0.1,2,10
696,435,-1,0,0.1,2,10
694,437,-1,0,0.1,2,10
692,440,-1,0,0.1,2,10
690,442,-1,0,0.1,2,10
688,444,-1,0,0.1,2,10
687,446,-1,0,0.1,2,10
685,448,-1,0,0.1,2,10
684,449,-1,0,0.1,2,10
682,451,-1,0,0.1,2,10
681,453,-1,0,0.1,2,10
680,455,-1,0,0.1,2,10
678,456,-1,0,0.1,2,10
677,458,-1,0,0.1,2,10
676,459,-1,0,0.1,2,10
674,461,-1,0,0.1,2,10
672,462,-1,0,0.1,2,10
671,464,-1,0,0.1,2,10
669,466,-1,0,0.1,2,10
667,467,-1,0,0.1,2,10
666,469,-1,0,0.1,2,10
664,471,-1,0,0.1,2,10
663,472,-1,0,0.1,2,10
662,473,-1,0,0.1,2,10
661,473,-1,0,0.1,2,10
660,474,-1,0,0.1,2,10
658,476,-1,0,0.1,2,10
657,477,-1,0,0.1,2,10
656,478,-1,0,0.1,2,10
655,479,-1,0,0.1,2,10
654,480,-1,0,0.1,2,10
652,481,-1,0,0.1,2,10
651,483,-1,0,0.1,2,10
650,484,-1,0,0.1,2,10
649,484,-1,0,0.1,2,10
649,485,-1,0,0.1,2,10
648,486,-1,0,0.1,2,10
648,486,-1,0,0.1,2,10
647,487,-1,0,0.1,2,10
646,488,-1,0,0.1,2,10
646,489,-1,0,0.1,2,10
645,490,-1,0,0.1,2,10
644,491,-1,0,0.1,2,10
643,492,-1,0,0.1,2,10
643,492,-1,0,0.1,2,10
643,492,-1,0,0.1,2,10
643,492,-1,0,0.1,2,10
643,492,-1,0,0.1,2,10
642,493,-1,0,0.1,2,10
642,494,-1,0,0.1,2,10
641,495,-1,0,0.1,2,10
639,498,-1,0,0.1,2,10
638,499,-1,0,0.1,2,10
638,500,-1,0,0.1,2,10
637,500,-1,0,0.1,2,10
637,500,-1,0,0.1,2,10
637,501,-1,0,0.1,2,10
637,501,-1,0,0.1,2,10
637,501,-1,0,0.1,2,10
480,468,-1,0,0.1,2,10
480,468,-1,0,0.1,2,10
480,468,-1,0,0.1,2,10
480,468,-1,0,0.1,2,10
480,468,-1,0,0.1,2,10
481,469,-1,0,0.1,2,10
485,471,-1,0,0.1,2,10
489,473,-1,0,0.1,2,10
494,476,-1,0,0.1,2,10
498,478,-1,0,0.1,2,10
502,479,-1,0,0.1,2,10
505,481,-1,0,0.1,2,10
507,482,-1,0,0.1,2,10
509,483,-1,0,0.1,2,10
511,485,-1,0,0.1,2,10
513,486,-1,0,0.1,2,10
515,488,-1,0,0.1,2,10
517,489,-1,0,0.1,2,10
518,490,-1,0,0.1,2,10
519,491,-1,0,0.1,2,10
520,492,-1,0,0.1,2,10
521,493,-1,0,0.1,2,10
523,495,-1,0,0.1,2,10
525,496,-1,0,0.1,2,10
526,498,-1,0,0.1,2,10
527,499,-1,0,0.1,2,10
528,502,-1,0,0.1,2,10
529,503,-1,0,0.1,2,10
530,505,-1,0,0.1,2,10
531,507,-1,0,0.1,2,10
532,509,-1,0,0.1,2,10
533,511,-1,0,0.1,2,10
533,512,-1,0,0.1,2,10
534,513,-1,0,0.1,2,10
534,514,-1,0,0.1,2,10
535,516,-1,0,0.1,2,10
535,517,-1,0,0.1,2,10
536,518,-1,0,0.1,2,10
537,520,-1,0,0.1,2,10
537,521,-1,0,0.1,2,10
538,522,-1,0,0.1,2,10
538,523,-1,0,0.1,2,10
539,525,-1,0,0.1,2,10
539,526,-1,0,0.1,2,10
540,527,-1,0,0.1,2,10
540,527,-1,0,0.1,2,10
540,529,-1,0,0.1,2,10
541,529,-1,0,0.1,2,10
541,531,-1,0,0.1,2,10
542,532,-1,0,0.1,2,10
542,532,-1,0,0.1,2,10
542,533,-1,0,0.1,2,10
542,534,-1,0,0.1,2,10
542,535,-1,0,0.1,2,10
543,535,-1,0,0.1,2,10
543,535,-1,0,0.1,2,10
543,535,-1,0,0.1,2,10
543,535,-1,0,0.1,2,10
543,535,-1,0,0.1,2,10
543,535,-1,0,0.1,2,10
543,535,-1,0,0.1,2,10
543,535,-1,0,0.1,2,10
543,535,-1,0,0.1,2,10
543,536,-1,0,0.1,2,10
543,537,-1,0,0.1,2,10
543,539,-1,0,0.1,2,10
544,540,-1,0,0.1,2,10
544,540,-1,0,0.1,2,10
544,540,-1,0,0.1,2,10
544,540,-1,0,0.1,2,10
544,540,-1,0,0.1,2,10
544,540,-1,0,0.1,2,10
544,540,-1,0,0.1,2,10
544,540,-1,0,0.1,2,10
544,540,-1,0,0.1,2,10
634,496,-1,0,0.1,2,10
634,496,-1,0,0.1,2,10
633,497,-1,0,0.1,2,10
633,498,-1,0,0.1,2,10
632,498,-1,0,0.1,2,10
631,499,-1,0,0.1,2,10
630,501,-1,0,0.1,2,10
628,502,-1,0,0.1,2,10
627,504,-1,0,0.1,2,10
625,505,-1,0,0.1,2,10
624,506,-1,0,0.1,2,10
623,508,-1,0,0.1,2,10
622,509,-1,0,0.1,2,10
621,510,-1,0,0.1,2,10
619,511,-1,0,0.1,2,10
618,513,-1,0,0.1,2,10
616,514,-1,0,0.1,2,10
616,516,-1,0,0.1,2,10
615,517,-1,0,0.1,2,10
614,518,-1,0,0.1,2,10
613,519,-1,0,0.1,2,10
612,521,-1,0,0.1,2,10
611,522,-1,0,0.1,2,10
610,524,-1,0,0.1,2,10
609,525,-1,0,0.1,2,10
609,526,-1,0,0.1,2,10
607,528,-1,0,0.1,2,10
606,529,-1,0,0.1,2,10
606,530,-1,0,0.1,2,10
605,532,-1,0,0.1,2,10
604,533,-1,0,0.1,2,10
604,534,-1,0,0.1,2,10
603,535,-1,0,0.1,2,10
603,536,-1,0,0.1,2,10
602,537,-1,0,0.1,2,10
602,538,-1,0,0.1,2,10
601,539,-1,0,0.1,2,10
601,540,-1,0,0.1,2,10
601,541,-1,0,0.1,2,10
601,542,-1,0,0.1,2,10
600,543,-1,0,0.1,2,10
600,544,-1,0,0.1,2,10
599,545,-1,0,0.1,2,10
599,546,-1,0,0.1,2,10
599,546,-1,0,0.1,2,10
599,546,-1,0,0.1,2,10
599,547,-1,0,0.1,2,10
353,621,-1,0,0.1,2,10
353,621,-1,0,0.1,2,10
353,621,-1,0,0.1,2,10
354,622,-1,0,0.1,2,10
356,624,-1,0,0.1,2,10
358,627,-1,0,0.1,2,10
361,629,-1,0,0.1,2,10
364,632,-1,0,0.1,2,10
366,635,-1,0,0.1,2,10
369,638,-1,0,0.1,2,10
371,641,-1,0,0.1,2,10
374,646,-1,0,0.1,2,10
377,650,-1,0,0.1,2,10
380,655,-1,0,0.1,2,10
383,659,-1,0,0.1,2,10
385,663,-1,0,0.1,2,10
386,667,-1,0,0.1,2,10
387,671,-1,0,0.1,2,10
388,675,-1,0,0.1,2,10
388,679,-1,0,0.1,2,10
388,684,-1,0,0.1,2,10
388,688,-1,0,0.1,2,10
388,691,-1,0,0.1,2,10
388,694,-1,0,0.1,2,10
388,697,-1,0,0.1,2,10
388,699,-1,0,0.1,2,10
387,702,-1,0,0.1,2,10
386,706,-1,0,0.1,2,10
386,709,-1,0,0.1,2,10
386,711,-1,0,0.1,2,10
386,711,-1,0,0.1,2,10
386,711,-1,0,0.1,2,10
386,711,-1,0,0.1,2,10
386,711,-1,0,0.1,2,10
842,706,-1,0,0.1,2,10
842,706,-1,0,0.1,2,10
842,706,-1,0,0.1,2,10
842,706,-1,0,0.1,2,10
842,706,-1,0,0.1,2,10
842,703,-1,0,0.1,2,10
842,700,-1,0,0.1,2,10
844,695,-1,0,0.1,2,10
846,691,-1,0,0.1,2,10
849,686,-1,0,0.1,2,10
851,683,-1,0,0.1,2,10
855,679,-1,0,0.1,2,10
857,677,-1,0,0.1,2,10
861,674,-1,0,0.1,2,10
864,672,-1,0,0.1,2,10
868,668,-1,0,0.1,2,10
873,666,-1,0,0.1,2,10
877,663,-1,0,0.1,2,10
885,660,-1,0,0.1,2,10
892,657,-1,0,0.1,2,10
898,654,-1,0,0.1,2,10
904,651,-1,0,0.1,2,10
911,648,-1,0,0.1,2,10
917,646,-1,0,0.1,2,10
923,644,-1,0,0.1,2,10
926,643,-1,0,0.1,2,10
930,641,-1,0,0.1,2,10
933,640,-1,0,0.1,2,10
937,639,-1,0,0.1,2,10
940,638,-1,0,0.1,2,10
943,638,-1,0,0.1,2,10
945,637,-1,0,0.1,2,10
946,637,-1,0,0.1,2,10
947,637,-1,0,0.1,2,10
947,637,-1,0,0.1,2,10
947,637,-1,0,0.1,2,10
947,637,-1,0,0.1,2,10
947,637,-1,0,0.1,2,10
926,298,1,160,1,11,10
800,247,1,160,1,11,10
